7,208,1.000000
10,476,1.000000
10,2545,1.000000
14,2034,1.000000
14,2075,1.000000
14,158,1.000000
14,2077,1.000000
14,2668,1.000000
26,2454,1.000000
26,2455,1.000000
26,123,1.000000
26,99,1.000000
26,122,1.000000
38,429,1.000000
38,1160,1.000000
38,862,1.000000
38,863,1.000000
44,1582,1.000000
44,2624,1.000000
44,2701,1.000000
45,2668,1.000000
49,2034,1.000000
49,1666,1.000000
56,1616,1.000000
56,412,1.000000
56,447,1.000000
56,1849,1.000000
67,540,1.000000
67,282,1.000000
67,2628,1.000000
76,88,1.000000
76,2018,1.000000
76,2178,1.000000
78,1418,1.000000
78,1329,1.000000
83,1520,1.000000
83,2581,1.000000
88,76,1.000000
88,2010,1.000000
88,130,1.000000
88,2012,1.000000
88,1713,1.000000
88,1394,1.000000
88,498,1.000000
88,1882,1.000000
88,743,1.000000
88,1732,1.000000
88,841,1.000000
88,1908,1.000000
88,1174,1.000000
88,300,1.000000
88,2178,1.000000
99,26,1.000000
99,123,1.000000
99,2454,1.000000
99,2455,1.000000
99,122,1.000000
99,2604,1.000000
113,540,1.000000
113,747,1.000000
113,1884,1.000000
118,1616,1.000000
118,388,1.000000
118,2010,1.000000
118,2030,1.000000
118,446,1.000000
118,255,1.000000
118,1343,1.000000
118,2165,1.000000
118,554,1.000000
118,581,1.000000
118,1690,1.000000
118,1507,1.000000
118,2112,1.000000
118,1029,1.000000
118,2166,1.000000
118,1538,1.000000
118,454,1.000000
118,1851,1.000000
122,26,1.000000
122,99,1.000000
122,2454,1.000000
122,2455,1.000000
123,26,1.000000
123,99,1.000000
123,2455,1.000000
123,2604,1.000000
127,2604,1.000000
130,88,1.000000
130,2017,1.000000
130,1982,1.000000
158,14,1.000000
158,1701,1.000000
158,2034,1.000000
158,180,1.000000
160,743,1.000000
160,2000,1.000000
160,2009,1.000000
160,553,1.000000
161,2010,1.000000
161,842,1.000000
180,158,1.000000
205,1701,1.000000
205,1869,1.000000
208,7,1.000000
211,1394,1.000000
211,1908,1.000000
211,1909,1.000000
215,1701,1.000000
215,1986,1.000000
215,2045,1.000000
226,1701,1.000000
235,1701,1.000000
239,1909,1.000000
242,1131,1.000000
242,279,1.000000
242,2280,1.000000
242,838,1.000000
247,2583,1.000000
249,1978,1.000000
249,1884,1.000000
249,621,1.000000
255,118,1.000000
255,1343,1.000000
255,2112,1.000000
255,1266,1.000000
267,670,1.000000
267,2000,1.000000
267,2373,1.000000
270,279,1.000000
270,2280,1.000000
270,1195,1.000000
270,1215,1.000000
270,838,1.000000
272,2012,1.000000
279,242,1.000000
279,270,1.000000
279,2280,1.000000
279,2344,1.000000
279,1195,1.000000
279,666,1.000000
279,2423,1.000000
279,2165,1.000000
279,304,1.000000
279,838,1.000000
279,502,1.000000
282,67,1.000000
282,747,1.000000
300,88,1.000000
300,415,1.000000
300,634,1.000000
304,279,1.000000
304,1857,1.000000
304,1172,1.000000
304,2423,1.000000
306,554,1.000000
306,476,1.000000
306,581,1.000000
335,1701,1.000000
335,1986,1.000000
339,813,1.000000
340,584,1.000000
340,2463,1.000000
349,465,1.000000
349,419,1.000000
355,1668,1.000000
360,1824,1.000000
360,1409,1.000000
363,1003,1.000000
366,1986,1.000000
366,745,1.000000
366,1583,1.000000
366,553,1.000000
369,385,1.000000
369,2484,1.000000
372,1834,1.000000
372,1710,1.000000
372,2377,1.000000
372,626,1.000000
380,930,1.000000
380,2569,1.000000
380,477,1.000000
385,369,1.000000
385,2483,1.000000
385,2484,1.000000
388,118,1.000000
388,2497,1.000000
388,1899,1.000000
396,1988,1.000000
398,730,1.000000
398,2177,1.000000
401,1160,1.000000
407,1681,1.000000
407,1682,1.000000
407,695,1.000000
407,409,1.000000
409,407,1.000000
409,1624,1.000000
409,1681,1.000000
412,56,1.000000
412,1616,1.000000
412,1849,1.000000
415,88,1.000000
415,300,1.000000
415,1843,1.000000
415,593,1.000000
415,966,1.000000
415,818,1.000000
415,1908,1.000000
415,2178,1.000000
415,1174,1.000000
419,349,1.000000
429,38,1.000000
429,1493,1.000000
429,1618,1.000000
429,794,1.000000
429,863,1.000000
436,1978,1.000000
436,878,1.000000
436,1979,1.000000
436,1039,1.000000
436,498,1.000000
436,1332,1.000000
436,885,1.000000
436,1982,1.000000
436,1131,1.000000
441,454,1.000000
446,118,1.000000
446,903,1.000000
446,1507,1.000000
447,56,1.000000
447,1616,1.000000
447,1849,1.000000
447,2638,1.000000
448,1824,1.000000
448,1902,1.000000
448,1826,1.000000
448,472,1.000000
449,2581,1.000000
454,118,1.000000
454,441,1.000000
454,973,1.000000
454,2188,1.000000
454,581,1.000000
465,349,1.000000
465,1403,1.000000
465,896,1.000000
465,1869,1.000000
465,2304,1.000000
467,1172,1.000000
472,448,1.000000
476,10,1.000000
476,306,1.000000
476,1986,1.000000
476,1140,1.000000
476,1800,1.000000
477,380,1.000000
477,2569,1.000000
477,930,1.000000
480,1710,1.000000
498,436,1.000000
502,279,1.000000
514,1882,1.000000
514,1314,1.000000
518,666,1.000000
518,2423,1.000000
518,1373,1.000000
532,1701,1.000000
532,1863,1.000000
538,1286,1.000000
539,1616,1.000000
539,711,1.000000
539,2155,1.000000
540,67,1.000000
540,113,1.000000
540,1441,1.000000
540,2527,1.000000
540,747,1.000000
553,366,1.000000
553,1583,1.000000
553,2009,1.000000
554,118,1.000000
554,306,1.000000
554,685,1.000000
566,1986,1.000000
566,1907,1.000000
575,2283,1.000000
579,1808,1.000000
579,994,1.000000
579,1134,1.000000
581,118,1.000000
581,306,1.000000
581,454,1.000000
581,1623,1.000000
581,1792,1.000000
581,1616,1.000000
584,340,1.000000
584,623,1.000000
584,2463,1.000000
593,415,1.000000
593,1115,1.000000
593,1474,1.000000
598,1003,1.000000
598,1107,1.000000
605,1107,1.000000
605,2534,1.000000
606,1666,1.000000
611,2690,1.000000
614,1475,1.000000
614,2470,1.000000
614,888,1.000000
621,249,1.000000
621,2018,1.000000
621,1332,1.000000
621,1978,1.000000
623,584,1.000000
626,372,1.000000
626,1358,1.000000
626,2556,1.000000
626,2558,1.000000
634,300,1.000000
634,2227,1.000000
644,2177,1.000000
645,1358,1.000000
645,1824,1.000000
645,1899,1.000000
645,1826,1.000000
651,885,1.000000
661,1884,1.000000
661,1885,1.000000
664,1701,1.000000
666,279,1.000000
666,518,1.000000
666,1973,1.000000
670,267,1.000000
670,2606,1.000000
673,1986,1.000000
673,1907,1.000000
674,1907,1.000000
685,554,1.000000
687,1710,1.000000
689,1358,1.000000
689,1317,1.000000
689,1169,1.000000
689,1721,1.000000
689,1292,1.000000
695,407,1.000000
695,1681,1.000000
695,1682,1.000000
703,2497,1.000000
703,1961,1.000000
703,801,1.000000
708,1358,1.000000
708,2212,1.000000
708,2216,1.000000
708,836,1.000000
710,2212,1.000000
711,539,1.000000
711,644,1.000000
711,1285,1.000000
711,2112,1.000000
717,1907,1.000000
730,398,1.000000
733,1329,1.000000
733,759,1.000000
733,1817,1.000000
733,1160,1.000000
733,794,1.000000
733,1682,1.000000
733,862,1.000000
737,2178,1.000000
737,1269,1.000000
743,88,1.000000
743,160,1.000000
743,1986,1.000000
743,745,1.000000
743,1239,1.000000
745,366,1.000000
745,743,1.000000
745,2009,1.000000
747,113,1.000000
747,282,1.000000
747,540,1.000000
747,1538,1.000000
748,1732,1.000000
756,885,1.000000
759,733,1.000000
759,1703,1.000000
789,1703,1.000000
789,1240,1.000000
794,429,1.000000
794,733,1.000000
794,1160,1.000000
794,1590,1.000000
794,863,1.000000
801,703,1.000000
801,1470,1.000000
801,1961,1.000000
813,339,1.000000
813,2376,1.000000
818,415,1.000000
818,1999,1.000000
824,1831,1.000000
827,1999,1.000000
827,1039,1.000000
829,1816,1.000000
832,2600,1.000000
835,1134,1.000000
835,1654,1.000000
836,708,1.000000
836,1013,1.000000
836,1131,1.000000
836,1343,1.000000
836,2403,1.000000
838,242,1.000000
838,270,1.000000
838,279,1.000000
838,868,1.000000
838,1131,1.000000
838,2280,1.000000
841,88,1.000000
841,2034,1.000000
842,161,1.000000
848,1373,1.000000
852,1800,1.000000
854,1884,1.000000
862,38,1.000000
862,733,1.000000
863,38,1.000000
863,429,1.000000
863,794,1.000000
863,1160,1.000000
863,1590,1.000000
868,838,1.000000
868,988,1.000000
868,1341,1.000000
868,1195,1.000000
868,2276,1.000000
868,1844,1.000000
878,436,1.000000
878,2326,1.000000
878,885,1.000000
885,436,1.000000
885,651,1.000000
885,756,1.000000
885,878,1.000000
885,1039,1.000000
888,614,1.000000
888,1475,1.000000
888,1556,1.000000
889,1831,1.000000
896,465,1.000000
903,446,1.000000
903,2030,1.000000
903,2031,1.000000
930,380,1.000000
930,477,1.000000
930,2569,1.000000
962,1808,1.000000
962,1809,1.000000
966,415,1.000000
973,306,1.000000
973,454,1.000000
973,2153,1.000000
973,1583,1.000000
974,1496,1.000000
977,1281,1.000000
978,1358,1.000000
978,998,1.000000
986,2697,1.000000
987,1175,1.000000
988,868,1.000000
994,579,1.000000
994,2309,1.000000
994,1329,1.000000
998,978,1.000000
998,1284,1.000000
1003,363,1.000000
1003,598,1.000000
1003,2607,1.000000
1003,1373,1.000000
1013,836,1.000000
1013,1840,1.000000
1013,1843,1.000000
1013,1403,1.000000
1013,1844,1.000000
1013,1583,1.000000
1013,1849,1.000000
1013,1851,1.000000
1013,2045,1.000000
1015,1618,1.000000
1015,1425,1.000000
1015,1788,1.000000
1021,2309,1.000000
1022,1961,1.000000
1022,1168,1.000000
1029,118,1.000000
1029,2166,1.000000
1039,436,1.000000
1039,827,1.000000
1039,885,1.000000
1052,1701,1.000000
1058,1195,1.000000
1059,1600,1.000000
1060,1441,1.000000
1070,1470,1.000000
1072,1800,1.000000
1075,1701,1.000000
1075,1124,1.000000
1080,2344,1.000000
1103,1520,1.000000
1103,1887,1.000000
1103,1888,1.000000
1103,1748,1.000000
1103,1284,1.000000
1103,1760,1.000000
1107,598,1.000000
1107,605,1.000000
1107,1810,1.000000
1107,2243,1.000000
1107,2379,1.000000
1114,1717,1.000000
1114,2560,1.000000
1115,593,1.000000
1115,2276,1.000000
1115,1529,1.000000
1124,1075,1.000000
1128,1441,1.000000
1128,1954,1.000000
1128,2275,1.000000
1131,242,1.000000
1131,436,1.000000
1131,836,1.000000
1131,838,1.000000
1131,1538,1.000000
1131,2280,1.000000
1131,1500,1.000000
1131,2281,1.000000
1131,1930,1.000000
1131,1215,1.000000
1131,1133,1.000000
1131,2185,1.000000
1131,1909,1.000000
1131,2283,1.000000
1131,2155,1.000000
1133,1131,1.000000
1133,1538,1.000000
1133,1500,1.000000
1133,2185,1.000000
1134,579,1.000000
1134,835,1.000000
1140,476,1.000000
1143,1618,1.000000
1160,38,1.000000
1160,401,1.000000
1160,733,1.000000
1160,794,1.000000
1160,863,1.000000
1168,1022,1.000000
1168,1955,1.000000
1169,689,1.000000
1169,748,1.000000
1169,1719,1.000000
1169,1720,1.000000
1169,1731,1.000000
1169,1734,1.000000
1171,1909,1.000000
1171,1295,1.000000
1172,304,1.000000
1172,467,1.000000
1174,88,1.000000
1174,415,1.000000
1174,1912,1.000000
1175,987,1.000000
1175,2359,1.000000
1195,270,1.000000
1195,279,1.000000
1195,868,1.000000
1195,1058,1.000000
1203,1215,1.000000
1203,2155,1.000000
1215,270,1.000000
1215,1131,1.000000
1215,1203,1.000000
1215,1894,1.000000
1224,1341,1.000000
1224,2153,1.000000
1224,2155,1.000000
1224,1732,1.000000
1224,1583,1.000000
1227,1269,1.000000
1239,743,1.000000
1239,2611,1.000000
1239,2027,1.000000
1240,789,1.000000
1249,2556,1.000000
1249,2558,1.000000
1263,1407,1.000000
1266,255,1.000000
1266,1984,1.000000
1266,1529,1.000000
1269,737,1.000000
1269,1227,1.000000
1269,2227,1.000000
1269,1314,1.000000
1281,977,1.000000
1281,1358,1.000000
1281,1746,1.000000
1281,1748,1.000000
1284,998,1.000000
1284,1103,1.000000
1284,1358,1.000000
1284,2450,1.000000
1285,711,1.000000
1285,2182,1.000000
1286,538,1.000000
1292,689,1.000000
1292,1358,1.000000
1292,1317,1.000000
1295,1171,1.000000
1295,1987,1.000000
1309,1882,1.000000
1309,2178,1.000000
1314,514,1.000000
1314,1269,1.000000
1317,689,1.000000
1317,1292,1.000000
1317,1719,1.000000
1317,1720,1.000000
1329,78,1.000000
1329,733,1.000000
1329,994,1.000000
1332,436,1.000000
1332,621,1.000000
1332,2024,1.000000
1341,868,1.000000
1341,1224,1.000000
1341,2425,1.000000
1343,118,1.000000
1343,255,1.000000
1343,836,1.000000
1343,2316,1.000000
1343,2165,1.000000
1343,1507,1.000000
1358,626,1.000000
1358,645,1.000000
1358,687,1.000000
1358,689,1.000000
1358,708,1.000000
1358,748,1.000000
1358,978,1.000000
1358,1103,1.000000
1358,1281,1.000000
1358,1284,1.000000
1358,1292,1.000000
1358,1710,1.000000
1358,1713,1.000000
1358,1717,1.000000
1358,1719,1.000000
1358,1720,1.000000
1358,1721,1.000000
1358,1731,1.000000
1358,1732,1.000000
1358,1734,1.000000
1358,1746,1.000000
1358,1748,1.000000
1358,1760,1.000000
1365,1703,1.000000
1365,1702,1.000000
1365,2509,1.000000
1365,2519,1.000000
1371,1393,1.000000
1373,518,1.000000
1373,848,1.000000
1373,1003,1.000000
1377,1840,1.000000
1377,2388,1.000000
1382,2283,1.000000
1393,1371,1.000000
1394,88,1.000000
1394,211,1.000000
1394,2137,1.000000
1403,465,1.000000
1403,1013,1.000000
1407,1263,1.000000
1409,360,1.000000
1409,1826,1.000000
1411,2218,1.000000
1418,78,1.000000
1424,1813,1.000000
1425,1015,1.000000
1425,1618,1.000000
1437,1688,1.000000
1438,2664,1.000000
1441,454,1.000000
1441,540,1.000000
1441,1060,1.000000
1441,1128,1.000000
1441,2271,1.000000
1441,2272,1.000000
1441,1707,1.000000
1441,1700,1.000000
1441,2273,1.000000
1441,1954,1.000000
1441,2275,1.000000
1459,2218,1.000000
1459,2080,1.000000
1470,801,1.000000
1470,1070,1.000000
1470,1824,1.000000
1474,593,1.000000
1474,2335,1.000000
1474,1908,1.000000
1475,614,1.000000
1475,888,1.000000
1475,2470,1.000000
1487,1849,1.000000
1487,2017,1.000000
1487,2137,1.000000
1487,1501,1.000000
1493,429,1.000000
1496,974,1.000000
1500,1131,1.000000
1500,1133,1.000000
1500,1538,1.000000
1500,2185,1.000000
1501,1487,1.000000
1505,1788,1.000000
1507,118,1.000000
1507,446,1.000000
1507,1343,1.000000
1520,83,1.000000
1520,1103,1.000000
1520,1765,1.000000
1520,1750,1.000000
1526,2425,1.000000
1527,1668,1.000000
1527,2450,1.000000
1529,1115,1.000000
1529,1266,1.000000
1529,1984,1.000000
1529,1908,1.000000
1538,118,1.000000
1538,747,1.000000
1538,1133,1.000000
1538,1500,1.000000
1538,2185,1.000000
1556,888,1.000000
1563,2633,1.000000
1566,1732,1.000000
1567,1654,1.000000
1578,2497,1.000000
1582,44,1.000000
1583,366,1.000000
1583,553,1.000000
1583,973,1.000000
1583,1013,1.000000
1583,1224,1.000000
1583,2025,1.000000
1590,794,1.000000
1590,863,1.000000
1591,2541,1.000000
1595,2246,1.000000
1600,1059,1.000000
1601,1750,1.000000
1610,2556,1.000000
1610,2557,1.000000
1610,2558,1.000000
1616,56,1.000000
1616,118,1.000000
1616,412,1.000000
1616,447,1.000000
1616,539,1.000000
1616,581,1.000000
1616,2050,1.000000
1616,1849,1.000000
1618,429,1.000000
1618,1015,1.000000
1618,1143,1.000000
1618,1425,1.000000
1623,581,1.000000
1623,1767,1.000000
1623,1768,1.000000
1623,1774,1.000000
1623,1783,1.000000
1624,409,1.000000
1624,1505,1.000000
1624,1788,1.000000
1639,1688,1.000000
1654,835,1.000000
1654,1567,1.000000
1654,2034,1.000000
1654,1952,1.000000
1666,49,1.000000
1666,606,1.000000
1668,355,1.000000
1668,1527,1.000000
1671,2137,1.000000
1673,2660,1.000000
1681,407,1.000000
1681,409,1.000000
1681,695,1.000000
1681,2318,1.000000
1681,2320,1.000000
1682,407,1.000000
1682,695,1.000000
1682,733,1.000000
1682,2321,1.000000
1682,2320,1.000000
1688,1437,1.000000
1688,1639,1.000000
1688,2671,1.000000
1690,118,1.000000
1690,2112,1.000000
1696,1713,1.000000
1700,1441,1.000000
1701,158,1.000000
1701,205,1.000000
1701,215,1.000000
1701,226,1.000000
1701,235,1.000000
1701,335,1.000000
1701,467,1.000000
1701,532,1.000000
1701,664,1.000000
1701,1052,1.000000
1701,1075,1.000000
1701,1857,1.000000
1701,1863,1.000000
1701,1869,1.000000
1701,1877,1.000000
1702,1240,1.000000
1702,1365,1.000000
1702,1703,1.000000
1703,759,1.000000
1703,789,1.000000
1703,1365,1.000000
1703,1702,1.000000
1703,1969,1.000000
1707,1441,1.000000
1708,1857,1.000000
1710,372,1.000000
1710,480,1.000000
1710,687,1.000000
1710,1358,1.000000
1710,2444,1.000000
1711,1731,1.000000
1713,88,1.000000
1713,1358,1.000000
1713,1696,1.000000
1717,1114,1.000000
1717,1358,1.000000
1717,2560,1.000000
1717,1731,1.000000
1719,1169,1.000000
1719,1317,1.000000
1719,1358,1.000000
1719,1765,1.000000
1720,1169,1.000000
1720,1317,1.000000
1720,1358,1.000000
1720,1765,1.000000
1721,689,1.000000
1725,1734,1.000000
1731,1169,1.000000
1731,1358,1.000000
1731,1711,1.000000
1731,1717,1.000000
1732,88,1.000000
1732,748,1.000000
1732,1224,1.000000
1732,1358,1.000000
1732,1566,1.000000
1734,1169,1.000000
1734,1358,1.000000
1734,1725,1.000000
1734,2597,1.000000
1737,1888,1.000000
1746,1281,1.000000
1746,1358,1.000000
1748,1103,1.000000
1748,1281,1.000000
1748,1358,1.000000
1750,1358,1.000000
1750,1520,1.000000
1750,1601,1.000000
1750,1765,1.000000
1760,1103,1.000000
1760,1358,1.000000
1765,1520,1.000000
1765,1711,1.000000
1765,1719,1.000000
1765,1720,1.000000
1765,1750,1.000000
1767,1623,1.000000
1767,1783,1.000000
1768,1623,1.000000
1768,1837,1.000000
1774,1623,1.000000
1779,2318,1.000000
1782,2326,1.000000
1783,1623,1.000000
1783,1767,1.000000
1788,1015,1.000000
1788,1505,1.000000
1788,1624,1.000000
1792,581,1.000000
1792,2485,1.000000
1800,476,1.000000
1800,852,1.000000
1800,1072,1.000000
1806,1809,1.000000
1808,579,1.000000
1808,962,1.000000
1808,1810,1.000000
1809,962,1.000000
1809,1806,1.000000
1809,1810,1.000000
1810,1107,1.000000
1810,1808,1.000000
1810,1809,1.000000
1810,1813,1.000000
1810,1816,1.000000
1810,1817,1.000000
1813,1424,1.000000
1813,1810,1.000000
1816,829,1.000000
1816,1810,1.000000
1817,733,1.000000
1817,1810,1.000000
1824,360,1.000000
1824,448,1.000000
1824,645,1.000000
1824,1470,1.000000
1824,1826,1.000000
1826,448,1.000000
1826,645,1.000000
1826,1409,1.000000
1826,1824,1.000000
1831,824,1.000000
1831,889,1.000000
1834,372,1.000000
1837,1768,1.000000
1840,1013,1.000000
1840,1377,1.000000
1840,2071,1.000000
1842,2281,1.000000
1842,1979,1.000000
1843,415,1.000000
1843,1013,1.000000
1844,868,1.000000
1844,1013,1.000000
1844,2276,1.000000
1848,1909,1.000000
1849,56,1.000000
1849,412,1.000000
1849,447,1.000000
1849,1013,1.000000
1849,1487,1.000000
1849,1616,1.000000
1849,1914,1.000000
1851,118,1.000000
1851,1013,1.000000
1851,1224,1.000000
1851,2485,1.000000
1857,304,1.000000
1857,1701,1.000000
1857,1708,1.000000
1863,532,1.000000
1863,1701,1.000000
1869,205,1.000000
1869,465,1.000000
1877,1701,1.000000
1877,2573,1.000000
1882,88,1.000000
1882,514,1.000000
1882,1309,1.000000
1884,113,1.000000
1884,249,1.000000
1884,661,1.000000
1884,854,1.000000
1884,1958,1.000000
1884,1885,1.000000
1885,661,1.000000
1885,1884,1.000000
1885,2644,1.000000
1887,1103,1.000000
1887,1888,1.000000
1888,1103,1.000000
1888,1737,1.000000
1888,1887,1.000000
1894,1215,1.000000
1899,388,1.000000
1899,645,1.000000
1899,1902,1.000000
1902,448,1.000000
1907,566,1.000000
1907,673,1.000000
1907,674,1.000000
1907,717,1.000000
1908,1474,1.000000
1909,211,1.000000
1909,239,1.000000
1909,1131,1.000000
1909,1171,1.000000
1909,1848,1.000000
1914,1849,1.000000
1927,1930,1.000000
1930,1131,1.000000
1930,1927,1.000000
1952,1654,1.000000
1954,1128,1.000000
1954,1955,1.000000
1954,2275,1.000000
1955,1168,1.000000
1955,1954,1.000000
1958,1884,1.000000
1961,703,1.000000
1961,801,1.000000
1961,1022,1.000000
1969,1703,1.000000
1969,2236,1.000000
1969,2238,1.000000
1978,249,1.000000
1978,436,1.000000
1978,514,1.000000
1978,621,1.000000
1979,436,1.000000
1979,1842,1.000000
1979,2178,1.000000
1979,2405,1.000000
1982,130,1.000000
1982,436,1.000000
1984,1266,1.000000
1986,215,1.000000
1986,335,1.000000
1986,366,1.000000
1986,476,1.000000
1986,566,1.000000
1986,673,1.000000
1986,743,1.000000
1986,1987,1.000000
1986,1988,1.000000
1986,2000,1.000000
1986,2009,1.000000
1987,1295,1.000000
1987,1986,1.000000
1987,2509,1.000000
1988,396,1.000000
1988,1986,1.000000
1999,818,1.000000
1999,827,1.000000
2000,160,1.000000
2000,267,1.000000
2000,1986,1.000000
2001,2379,1.000000
2002,2379,1.000000
2009,160,1.000000
2009,553,1.000000
2009,745,1.000000
2009,1986,1.000000
2009,2025,1.000000
2010,88,1.000000
2010,118,1.000000
2010,161,1.000000
2010,2016,1.000000
2012,88,1.000000
2012,272,1.000000
2016,2010,1.000000
2017,130,1.000000
2017,1487,1.000000
2018,76,1.000000
2018,621,1.000000
2024,1332,1.000000
2024,2178,1.000000
2025,1583,1.000000
2025,2009,1.000000
2025,2027,1.000000
2027,1239,1.000000
2027,2025,1.000000
2030,118,1.000000
2030,903,1.000000
2030,2112,1.000000
2031,903,1.000000
2031,2436,1.000000
2034,14,1.000000
2034,49,1.000000
2034,158,1.000000
2034,841,1.000000
2034,1654,1.000000
2045,215,1.000000
2050,1616,1.000000
2050,2485,1.000000
2071,1566,1.000000
2071,1840,1.000000
2075,14,1.000000
2075,2668,1.000000
2077,14,1.000000
2080,1459,1.000000
2112,118,1.000000
2112,255,1.000000
2112,711,1.000000
2112,1690,1.000000
2112,2030,1.000000
2112,2436,1.000000
2114,2509,1.000000
2114,2519,1.000000
2137,1394,1.000000
2137,1487,1.000000
2137,1671,1.000000
2153,973,1.000000
2153,1224,1.000000
2153,2155,1.000000
2155,539,1.000000
2155,2153,1.000000
2165,118,1.000000
2165,279,1.000000
2165,1343,1.000000
2166,118,1.000000
2166,1029,1.000000
2177,398,1.000000
2177,644,1.000000
2177,2367,1.000000
2178,76,1.000000
2178,88,1.000000
2178,415,1.000000
2178,737,1.000000
2178,1309,1.000000
2178,1979,1.000000
2178,2024,1.000000
2182,1285,1.000000
2182,2231,1.000000
2185,1131,1.000000
2185,1133,1.000000
2185,1500,1.000000
2185,1538,1.000000
2188,454,1.000000
2212,708,1.000000
2212,710,1.000000
2212,2216,1.000000
2216,708,1.000000
2216,2212,1.000000
2218,1411,1.000000
2218,1459,1.000000
2227,634,1.000000
2231,2182,1.000000
2231,2292,1.000000
2236,1969,1.000000
2238,1703,1.000000
2238,1969,1.000000
2243,1107,1.000000
2243,2246,1.000000
2246,1595,1.000000
2247,2509,1.000000
2266,2321,1.000000
2271,1441,1.000000
2272,1441,1.000000
2273,1441,1.000000
2275,1128,1.000000
2275,1441,1.000000
2275,1954,1.000000
2276,868,1.000000
2276,1115,1.000000
2276,1844,1.000000
2280,242,1.000000
2280,270,1.000000
2280,279,1.000000
2280,838,1.000000
2280,1131,1.000000
2281,1131,1.000000
2281,1842,1.000000
2281,2405,1.000000
2283,575,1.000000
2283,1131,1.000000
2283,1382,1.000000
2291,2292,1.000000
2292,2231,1.000000
2292,2291,1.000000
2303,2541,1.000000
2304,465,1.000000
2309,994,1.000000
2309,1021,1.000000
2309,1869,1.000000
2316,1343,1.000000
2318,1681,1.000000
2318,1779,1.000000
2320,1681,1.000000
2320,1682,1.000000
2321,1682,1.000000
2321,2266,1.000000
2326,878,1.000000
2326,1782,1.000000
2335,1474,1.000000
2344,279,1.000000
2359,480,1.000000
2359,1171,1.000000
2359,1175,1.000000
2367,2177,1.000000
2367,2368,1.000000
2367,2369,1.000000
2367,2370,1.000000
2368,2367,1.000000
2368,2370,1.000000
2369,2367,1.000000
2369,2370,1.000000
2370,2367,1.000000
2370,2368,1.000000
2370,2369,1.000000
2373,267,1.000000
2376,813,1.000000
2376,1143,1.000000
2377,372,1.000000
2379,1107,1.000000
2379,2001,1.000000
2379,2002,1.000000
2388,1377,1.000000
2402,2403,1.000000
2403,836,1.000000
2403,2402,1.000000
2405,1842,1.000000
2405,1979,1.000000
2405,2281,1.000000
2423,279,1.000000
2423,304,1.000000
2423,518,1.000000
2425,1341,1.000000
2436,2031,1.000000
2436,2112,1.000000
2444,1710,1.000000
2450,1284,1.000000
2454,26,1.000000
2454,99,1.000000
2454,122,1.000000
2455,26,1.000000
2455,99,1.000000
2455,122,1.000000
2455,123,1.000000
2463,340,1.000000
2463,584,1.000000
2470,614,1.000000
2470,1475,1.000000
2483,385,1.000000
2483,2484,1.000000
2484,369,1.000000
2484,385,1.000000
2484,2483,1.000000
2485,1792,1.000000
2485,1851,1.000000
2485,2050,1.000000
2497,388,1.000000
2497,703,1.000000
2497,1578,1.000000
2509,1365,1.000000
2509,1987,1.000000
2509,2114,1.000000
2509,2247,1.000000
2509,2519,1.000000
2519,1365,1.000000
2519,2114,1.000000
2519,2509,1.000000
2527,540,1.000000
2534,605,1.000000
2541,1591,1.000000
2541,2303,1.000000
2545,10,1.000000
2556,626,1.000000
2556,1249,1.000000
2556,1610,1.000000
2557,1610,1.000000
2558,626,1.000000
2558,1249,1.000000
2558,1610,1.000000
2560,1114,1.000000
2560,1717,1.000000
2560,2561,1.000000
2561,2560,1.000000
2569,380,1.000000
2569,477,1.000000
2569,930,1.000000
2570,2573,1.000000
2573,1877,1.000000
2573,2570,1.000000
2581,83,1.000000
2581,449,1.000000
2583,247,1.000000
2597,1734,1.000000
2600,832,1.000000
2604,99,1.000000
2604,123,1.000000
2604,127,1.000000
2606,670,1.000000
2607,1003,1.000000
2611,1239,1.000000
2624,44,1.000000
2624,2701,1.000000
2628,67,1.000000
2633,1563,1.000000
2638,447,1.000000
2644,1885,1.000000
2660,1673,1.000000
2664,1438,1.000000
2668,14,1.000000
2668,2075,1.000000
2671,1688,1.000000
2671,2672,1.000000
2672,2671,1.000000
2690,611,1.000000
2697,986,1.000000
2701,44,1.000000
2701,2624,1.000000
