344
5 1
4 1 1
21 4 0 2 3 4
4 1 1
4 1 1
19 1 1
21 1
21 4 1 2 8 15
4 1 0
21 4 0 3 4 17
4 1 2
21 3 2 5 6
14 1 4
21 4 4 7 8 19
4 1 6
21 4 0 6 9 10
4 1 8
21 4 8 11 12 19
4 1 10
21 4 10 13 14 15
4 1 12
4 1 12
21 4 0 12 16 17
4 1 15
21 4 2 15 18 19
4 1 17
21 4 6 10 17 20
4 1 19
22 1
14 2 1 13
21 3 0 2 3
14 1 1
21 4 1 4 14 15
17 3 3 5 9
21 4 4 6 16 17
21 3 5 7 8
14 2 6 18
14 1 6
21 4 4 10 19 20
21 3 9 11 12
14 2 10 21
14 1 10
19 1 0
19 1 3
19 1 3
19 1 5
19 1 5
19 1 7
19 1 9
19 1 9
19 1 11
35 1
21 3 1 2 6
14 1 0
17 3 0 3 16
21 4 2 4 5 17
21 4 3 18 19 20
21 4 3 21 22 23
21 3 0 7 15
21 3 6 8 24
21 3 7 9 25
21 3 8 10 14
21 4 9 11 26 27
17 3 10 12 28
17 3 11 13 29
21 4 12 30 31 32
21 3 9 15 33
21 3 6 14 34
19 1 2
19 1 3
19 1 4
19 1 4
19 1 4
19 1 5
19 1 5
19 1 5
19 1 7
19 1 8
19 1 10
19 1 10
19 1 11
19 1 12
19 1 13
19 1 13
19 1 13
19 1 14
19 1 15
29 1
13 4 1 2 3 10
14 1 0
14 1 0
21 3 0 4 9
21 3 3 5 17
21 3 4 6 18
21 3 5 7 8
17 3 6 19 20
21 3 6 9 21
21 3 3 8 22
21 3 0 11 16
21 3 10 12 23
21 3 11 13 24
21 3 12 14 15
17 3 13 25 26
21 3 13 16 27
21 3 10 15 28
19 1 4
19 1 5
19 1 7
19 1 7
19 1 8
19 1 9
19 1 11
19 1 12
19 1 14
19 1 14
19 1 15
19 1 16
11 1
21 4 1 2 4 6
2 1 0
21 4 0 3 7 8
2 1 2
21 4 0 5 9 10
4 1 4
19 1 0
19 1 2
19 1 2
19 1 4
19 1 4
29 1
14 1 1
17 3 0 2 3
14 1 1
21 3 1 4 19
21 3 3 5 6
21 4 4 20 21 22
21 3 4 7 23
21 3 6 8 24
21 3 7 9 19
21 3 8 10 11
14 1 9
21 3 9 12 16
21 3 11 13 25
21 3 12 14 26
21 3 13 15 27
21 3 14 16 28
21 3 11 15 17
21 3 16 18 19
14 1 17
21 3 3 8 17
19 1 5
19 1 5
19 1 5
19 1 6
19 1 7
19 1 12
19 1 13
19 1 14
19 1 15
62 1
21 4 1 14 29 30
14 2 0 2
21 3 1 3 4
14 1 2
21 4 2 5 6 10
14 2 4 31
21 4 4 7 8 32
21 4 6 33 34 35
14 2 6 9
21 4 8 36 37 38
21 4 4 11 12 13
21 4 10 39 40 41
21 4 10 42 43 44
14 2 10 45
21 3 0 15 28
21 3 14 16 46
21 4 15 17 47 48
17 3 16 18 28
21 4 17 19 49 50
21 4 18 20 51 52
21 4 19 21 28 53
14 2 20 22
21 3 21 23 24
14 1 22
21 3 22 25 26
21 4 24 54 55 56
21 3 24 27 57
21 4 26 58 59 60
21 4 14 17 20 61
19 1 0
19 1 0
19 1 5
19 1 6
19 1 7
19 1 7
19 1 7
19 1 9
19 1 9
19 1 9
19 1 11
19 1 11
19 1 11
19 1 12
19 1 12
19 1 12
19 1 13
19 1 15
19 1 16
19 1 16
19 1 18
19 1 18
19 1 19
19 1 19
19 1 20
19 1 25
19 1 25
19 1 25
19 1 26
19 1 27
19 1 27
19 1 27
19 1 28
14 1
21 3 1 2 11
4 1 0
21 3 0 3 4
4 1 2
21 3 2 5 6
4 1 4
21 3 4 7 9
21 2 6 8
17 1 7
21 3 6 10 11
4 1 9
21 3 0 9 12
21 2 11 13
17 1 12
27 1
13 2 1 8
21 3 0 2 7
21 3 1 3 15
21 3 2 4 16
21 3 3 5 6
17 3 4 17 18
21 3 4 7 19
21 3 1 6 20
21 3 0 9 14
21 3 8 10 21
21 3 9 11 22
21 3 10 12 13
17 3 11 23 24
21 3 11 14 25
21 3 8 13 26
19 1 2
19 1 3
19 1 5
19 1 5
19 1 6
19 1 7
19 1 9
19 1 10
19 1 12
19 1 12
19 1 13
19 1 14
43 1
17 3 1 2 11
21 4 0 24 25 26
21 3 0 3 7
21 3 2 4 27
21 3 3 5 28
21 3 4 6 29
21 3 5 7 30
21 3 2 6 8
21 3 7 9 10
14 1 8
21 3 8 11 21
21 3 0 10 12
21 3 11 13 19
21 3 12 14 31
21 3 13 15 32
21 4 14 16 17 18
21 4 15 33 34 35
21 4 15 36 37 38
14 2 15 19
21 3 12 18 20
21 3 19 21 39
21 3 10 20 22
14 2 21 23
21 4 22 40 41 42
19 1 1
19 1 1
19 1 1
19 1 3
19 1 4
19 1 5
19 1 6
19 1 13
19 1 14
19 1 16
19 1 16
19 1 16
19 1 17
19 1 17
19 1 17
19 1 20
19 1 23
19 1 23
19 1 23
12 1
14 1 1
17 3 0 2 3
14 1 1
21 3 1 4 8
21 3 3 5 9
17 2 4 6
21 3 5 7 8
17 3 6 10 11
13 2 3 6
19 1 4
19 1 7
19 1 7
19 1
14 1 1
17 3 0 2 3
14 1 1
21 3 1 4 8
21 3 3 5 13
21 3 4 6 10
21 3 5 7 14
21 3 6 8 15
21 3 3 7 9
21 4 8 16 17 18
17 3 5 11 12
14 1 10
14 1 10
19 1 4
19 1 6
19 1 7
19 1 9
19 1 9
19 1 9
8 1
4 1 1
21 4 0 2 4 5
21 4 1 3 6 7
4 1 2
19 1 1
19 1 1
19 1 2
19 1 2
23 1
15 4 1 2 5 8
13 1 0
17 3 0 3 4
21 4 2 4 11 12
21 4 2 3 13 14
17 3 0 6 7
21 4 5 7 15 16
21 4 5 6 17 18
17 3 0 9 10
21 4 8 10 19 20
21 4 8 9 21 22
19 1 3
19 1 3
19 1 4
19 1 4
19 1 6
19 1 6
19 1 7
19 1 7
19 1 9
19 1 9
19 1 10
19 1 10
16 1
17 3 1 9 10
21 3 0 2 7
21 3 1 3 11
21 3 2 4 5
4 1 3
21 3 3 6 12
21 3 5 7 13
21 3 1 6 8
17 3 7 14 15
19 1 0
19 1 0
19 1 2
19 1 5
19 1 6
19 1 8
19 1 8
43 1
21 4 1 7 21 22
21 3 0 2 6
21 3 1 3 23
21 3 2 4 24
21 3 3 5 25
21 3 4 6 26
21 3 1 5 27
17 3 0 8 11
21 4 7 9 28 29
21 4 8 10 30 31
4 1 9
21 4 7 12 13 32
21 4 11 33 34 35
21 4 11 14 36 37
14 2 13 15
21 3 14 16 20
21 3 15 17 38
21 3 16 18 39
21 3 17 19 40
21 3 18 20 41
21 3 15 19 42
19 1 0
19 1 0
19 1 2
19 1 3
19 1 4
19 1 5
19 1 6
19 1 8
19 1 8
19 1 9
19 1 9
19 1 11
19 1 12
19 1 12
19 1 12
19 1 13
19 1 13
19 1 16
19 1 17
19 1 18
19 1 19
19 1 20
35 1
15 4 1 2 8 14
14 1 0
14 2 0 3
21 4 2 4 20 21
21 4 3 5 6 22
2 1 4
21 4 4 7 23 24
2 1 6
14 2 0 9
21 4 8 10 25 26
21 4 9 11 12 27
2 1 10
21 4 10 13 28 29
2 1 12
14 2 0 15
21 4 14 16 30 31
21 4 15 17 18 32
2 1 16
21 4 16 19 33 34
2 1 18
19 1 3
19 1 3
19 1 4
19 1 6
19 1 6
19 1 9
19 1 9
19 1 10
19 1 12
19 1 12
19 1 15
19 1 15
19 1 16
19 1 18
19 1 18
14 1
21 4 1 5 6 7
21 4 0 2 8 9
14 2 1 3
21 4 2 4 10 11
21 4 3 5 12 13
14 2 0 4
19 1 0
19 1 0
19 1 1
19 1 1
19 1 3
19 1 3
19 1 4
19 1 4
17 1
15 4 1 2 4 6
14 1 0
14 2 0 3
21 4 2 8 9 10
14 2 0 5
21 4 4 11 12 13
14 2 0 7
21 4 6 14 15 16
19 1 3
19 1 3
19 1 3
19 1 5
19 1 5
19 1 5
19 1 7
19 1 7
19 1 7
20 1
21 3 1 8 10
21 3 0 2 11
21 3 1 3 5
14 2 2 4
21 4 3 12 13 14
21 3 2 6 7
17 3 5 15 16
21 3 5 8 17
21 3 0 7 9
17 3 8 18 19
19 1 0
19 1 1
19 1 4
19 1 4
19 1 4
19 1 6
19 1 6
19 1 7
19 1 9
19 1 9
16 1
21 3 1 7 9
21 3 0 2 10
21 3 1 3 4
4 1 2
21 3 2 5 6
17 3 4 11 12
21 3 4 7 13
21 3 0 6 8
17 3 7 14 15
19 1 0
19 1 1
19 1 5
19 1 5
19 1 6
19 1 8
19 1 8
8 1
21 4 1 2 4 5
2 1 0
21 4 0 3 6 7
2 1 2
19 1 0
19 1 0
19 1 2
19 1 2
18 1
21 3 1 5 9
21 3 0 2 10
21 3 1 3 11
21 3 2 4 12
21 3 3 5 7
21 3 0 4 6
17 3 5 13 14
14 2 4 8
21 4 7 15 16 17
19 1 0
19 1 1
19 1 2
19 1 3
19 1 6
19 1 6
19 1 8
19 1 8
19 1 8
26 1
17 3 1 8 14
17 3 0 2 15
21 3 1 3 7
21 3 2 4 16
21 3 3 5 17
21 3 4 6 18
21 3 5 7 19
21 3 2 6 20
21 3 0 9 13
21 3 8 10 21
21 3 9 11 22
21 3 10 12 23
21 3 11 13 24
21 3 8 12 25
19 1 0
19 1 1
19 1 3
19 1 4
19 1 5
19 1 6
19 1 7
19 1 9
19 1 10
19 1 11
19 1 12
19 1 13
30 1
21 4 1 2 16 17
21 4 0 18 19 20
17 3 0 3 15
21 3 2 4 8
21 3 3 5 21
21 3 4 6 22
21 3 5 7 23
21 3 6 8 24
21 3 3 7 9
21 3 8 10 15
21 3 9 11 25
21 3 10 12 13
17 3 11 26 27
21 3 11 14 28
21 3 13 15 29
21 3 2 9 14
19 1 0
19 1 0
19 1 1
19 1 1
19 1 1
19 1 4
19 1 5
19 1 6
19 1 7
19 1 10
19 1 12
19 1 12
19 1 13
19 1 14
17 1
21 3 1 6 11
21 3 0 2 12
21 3 1 3 4
17 3 2 13 14
21 3 2 5 15
21 3 4 6 8
21 3 0 5 7
14 2 6 16
17 3 5 9 10
14 1 8
14 1 8
19 1 0
19 1 1
19 1 3
19 1 3
19 1 4
19 1 7
14 1
4 1 1
21 4 0 2 8 9
21 3 1 3 7
21 3 2 4 10
21 3 3 5 11
21 3 4 6 12
17 2 5 7
21 3 2 6 13
19 1 1
19 1 1
19 1 3
19 1 4
19 1 5
19 1 7
27 1
17 2 1 8
17 2 0 2
21 3 1 3 7
21 3 2 4 16
21 3 3 5 17
21 3 4 6 18
21 3 5 7 19
21 3 2 6 20
21 3 0 9 14
21 3 8 10 21
21 3 9 11 22
21 3 10 12 13
17 3 11 23 24
17 2 11 14
21 3 8 13 15
17 3 14 25 26
19 1 3
19 1 4
19 1 5
19 1 6
19 1 7
19 1 9
19 1 10
19 1 12
19 1 12
19 1 15
19 1 15
16 1
21 3 1 5 10
21 3 0 2 11
21 3 1 3 12
21 3 2 4 13
21 3 3 5 6
21 3 0 4 14
17 3 4 7 8
14 2 6 15
17 2 6 9
14 1 8
19 1 0
19 1 1
19 1 2
19 1 3
19 1 5
19 1 7
21 1
14 2 1 2
21 4 0 10 11 12
21 3 0 3 9
21 3 2 4 13
21 3 3 5 14
21 3 4 6 7
17 3 5 15 16
21 3 5 8 9
21 4 7 17 18 19
21 3 2 7 20
19 1 1
19 1 1
19 1 1
19 1 3
19 1 4
19 1 6
19 1 6
19 1 8
19 1 8
19 1 8
19 1 9
29 1
14 1 1
21 3 0 2 17
21 3 1 3 7
21 3 2 4 18
21 3 3 5 19
21 3 4 6 20
21 3 5 7 21
21 3 2 6 8
21 3 7 9 10
14 1 8
21 3 8 11 17
21 3 10 12 22
21 3 11 13 23
21 3 12 14 15
21 4 13 24 25 26
21 3 13 16 17
17 3 15 27 28
21 3 1 10 15
19 1 3
19 1 4
19 1 5
19 1 6
19 1 11
19 1 12
19 1 14
19 1 14
19 1 14
19 1 16
19 1 16
26 1
17 3 1 3 5
21 4 0 2 12 13
21 4 1 14 15 16
21 4 0 4 17 18
21 4 3 19 20 21
21 3 0 6 7
13 1 5
13 2 5 8
21 4 7 9 22 23
21 3 8 10 11
21 3 9 24 25
4 1 9
19 1 1
19 1 1
19 1 2
19 1 2
19 1 2
19 1 3
19 1 3
19 1 4
19 1 4
19 1 4
19 1 8
19 1 8
19 1 10
19 1 10
24 1
14 1 1
17 3 0 2 3
14 1 1
21 3 1 4 13
21 3 3 5 15
21 3 4 6 16
21 3 5 7 14
21 4 6 8 17 18
21 4 7 9 19 20
21 3 8 10 14
21 3 9 11 21
21 3 10 12 22
21 3 11 13 23
21 3 3 12 14
21 3 6 9 13
19 1 4
19 1 5
19 1 7
19 1 7
19 1 8
19 1 8
19 1 10
19 1 11
19 1 12
20 1
21 3 1 8 12
21 3 0 2 3
17 3 1 13 14
21 3 1 4 6
14 2 3 5
21 4 4 15 16 17
21 3 3 7 18
21 3 6 8 19
21 3 0 7 9
17 3 8 10 11
14 1 9
14 1 9
19 1 0
19 1 2
19 1 2
19 1 5
19 1 5
19 1 5
19 1 6
19 1 7
34 1
21 3 1 8 11
21 3 0 2 22
21 3 1 3 23
21 3 2 4 7
17 2 3 5
21 2 4 6
14 1 5
21 3 3 8 9
21 3 0 7 24
14 2 7 10
21 4 9 25 26 27
21 3 0 12 21
21 3 11 13 28
21 3 12 14 29
21 3 13 15 18
17 2 14 16
21 2 15 17
14 1 16
21 3 14 19 21
14 2 18 20
21 4 19 30 31 32
21 3 11 18 33
19 1 1
19 1 2
19 1 8
19 1 10
19 1 10
19 1 10
19 1 12
19 1 13
19 1 20
19 1 20
19 1 20
19 1 21
14 1
21 3 1 5 7
21 3 0 2 8
21 3 1 3 9
21 3 2 4 10
21 3 3 5 11
21 3 0 4 6
17 3 5 12 13
19 1 0
19 1 1
19 1 2
19 1 3
19 1 4
19 1 6
19 1 6
15 1
14 2 1 5
21 4 0 2 7 8
21 4 1 3 4 5
21 4 2 9 10 11
21 4 2 12 13 14
21 3 0 2 6
14 1 5
19 1 1
19 1 1
19 1 3
19 1 3
19 1 3
19 1 4
19 1 4
19 1 4
21 1
14 2 1 2
21 4 0 10 11 12
21 3 0 3 8
21 3 2 4 13
21 3 3 5 14
21 3 4 6 7
21 4 5 15 16 17
21 3 5 8 18
21 3 2 7 9
17 3 8 19 20
19 1 1
19 1 1
19 1 1
19 1 3
19 1 4
19 1 6
19 1 6
19 1 6
19 1 7
19 1 9
19 1 9
26 1
14 1 1
21 3 0 2 16
21 3 1 3 7
21 3 2 4 17
21 3 3 5 18
21 3 4 6 19
21 3 5 7 20
21 3 2 6 8
21 3 7 9 10
14 1 8
21 3 8 11 16
21 3 10 12 21
21 3 11 13 22
21 3 12 14 15
17 3 13 23 24
21 3 13 16 25
21 3 1 10 15
19 1 3
19 1 4
19 1 5
19 1 6
19 1 11
19 1 12
19 1 14
19 1 14
19 1 15
20 1
21 3 1 2 5
13 1 0
17 3 0 3 8
21 4 2 4 9 10
21 4 3 11 12 13
17 3 0 6 14
21 4 5 7 15 16
21 4 6 17 18 19
19 1 2
19 1 3
19 1 3
19 1 4
19 1 4
19 1 4
19 1 5
19 1 6
19 1 6
19 1 7
19 1 7
19 1 7
17 1
21 3 1 6 8
21 3 0 2 9
21 3 1 3 10
21 3 2 4 11
21 3 3 5 6
21 4 4 12 13 14
21 3 0 4 7
17 3 6 15 16
19 1 0
19 1 1
19 1 2
19 1 3
19 1 5
19 1 5
19 1 5
19 1 7
19 1 7
24 1
17 2 1 8
17 2 0 2
21 3 1 3 7
21 3 2 4 14
21 3 3 5 15
21 3 4 6 16
21 3 5 7 17
21 3 2 6 18
21 3 0 9 13
21 3 8 10 19
21 3 9 11 20
21 3 10 12 21
21 3 11 13 22
21 3 8 12 23
19 1 3
19 1 4
19 1 5
19 1 6
19 1 7
19 1 9
19 1 10
19 1 11
19 1 12
19 1 13
13 1
21 3 1 8 10
21 3 0 2 3
4 1 1
21 3 1 4 11
21 3 3 5 6
4 1 4
21 3 4 7 8
14 2 6 12
21 3 0 6 9
4 1 8
19 1 0
19 1 3
19 1 7
23 1
21 3 1 8 10
21 3 0 2 3
17 3 1 11 12
21 3 1 4 5
21 4 3 13 14 15
21 3 3 6 16
21 3 5 7 8
21 4 6 17 18 19
21 3 0 6 9
21 4 8 20 21 22
19 1 0
19 1 2
19 1 2
19 1 4
19 1 4
19 1 4
19 1 5
19 1 7
19 1 7
19 1 7
19 1 9
19 1 9
19 1 9
19 1
21 3 1 7 9
21 3 0 2 10
21 3 1 3 4
21 4 2 11 12 13
21 3 2 5 6
17 3 4 14 15
21 3 4 7 16
21 3 0 6 8
17 3 7 17 18
19 1 0
19 1 1
19 1 3
19 1 3
19 1 3
19 1 5
19 1 5
19 1 6
19 1 8
19 1 8
25 1
17 3 1 3 9
17 2 0 2
14 1 1
21 3 0 4 8
21 3 3 5 15
21 3 4 6 16
21 3 5 7 17
21 3 6 8 18
21 3 3 7 19
21 3 0 10 14
21 3 9 11 20
21 3 10 12 21
21 3 11 13 22
21 3 12 14 23
21 3 9 13 24
19 1 4
19 1 5
19 1 6
19 1 7
19 1 8
19 1 10
19 1 11
19 1 12
19 1 13
19 1 14
40 1
21 3 1 2 11
14 1 0
21 3 0 3 7
21 3 2 4 20
21 3 3 5 21
21 3 4 6 8
21 3 5 7 22
21 3 2 6 23
17 3 5 9 10
21 4 8 24 25 26
21 4 8 27 28 29
21 3 0 12 16
21 3 11 13 30
21 3 12 14 31
21 3 13 15 17
21 3 14 16 32
21 3 11 15 33
17 3 14 18 19
21 4 17 34 35 36
21 4 17 37 38 39
19 1 3
19 1 4
19 1 6
19 1 7
19 1 9
19 1 9
19 1 9
19 1 10
19 1 10
19 1 10
19 1 12
19 1 13
19 1 15
19 1 16
19 1 18
19 1 18
19 1 18
19 1 19
19 1 19
19 1 19
41 1
21 4 1 10 19 20
21 3 0 2 6
21 3 1 3 21
21 3 2 4 22
21 3 3 5 7
21 3 4 6 23
21 3 1 5 24
17 3 4 8 9
21 4 7 25 26 27
21 4 7 28 29 30
21 3 0 11 15
21 3 10 12 31
21 3 11 13 32
21 3 12 14 16
21 3 13 15 33
21 3 10 14 34
17 3 13 17 18
21 4 16 35 36 37
21 4 16 38 39 40
19 1 0
19 1 0
19 1 2
19 1 3
19 1 5
19 1 6
19 1 8
19 1 8
19 1 8
19 1 9
19 1 9
19 1 9
19 1 11
19 1 12
19 1 14
19 1 15
19 1 17
19 1 17
19 1 17
19 1 18
19 1 18
19 1 18
25 1
17 3 1 7 15
21 3 0 2 6
21 3 1 3 16
21 3 2 4 17
21 3 3 5 18
21 3 4 6 19
21 3 1 5 20
21 3 0 8 14
21 3 7 9 21
21 3 8 10 22
21 3 9 11 13
17 2 10 12
14 1 11
21 3 10 14 23
21 3 7 13 24
19 1 0
19 1 2
19 1 3
19 1 4
19 1 5
19 1 6
19 1 8
19 1 9
19 1 13
19 1 14
84 1
21 3 1 7 10
21 3 0 2 44
21 3 1 3 5
14 2 2 4
21 4 3 45 46 47
21 3 2 6 48
21 3 5 7 49
21 3 0 6 8
21 3 7 9 18
21 3 8 10 11
17 3 0 9 50
21 4 9 12 16 51
21 4 11 13 52 53
21 4 12 14 39 54
21 4 13 15 19 55
21 4 14 16 56 57
17 3 11 15 17
21 4 16 18 58 59
21 4 8 17 60 61
21 4 14 20 62 63
21 4 19 21 36 64
14 2 20 22
21 3 21 23 24
14 1 22
21 3 22 25 35
21 3 24 26 65
21 3 25 27 29
14 2 26 28
21 4 27 66 67 68
21 3 26 30 32
14 2 29 31
21 4 30 69 70 71
21 3 29 33 35
14 2 32 34
21 4 33 72 73 74
21 3 24 32 75
21 4 20 37 39 76
14 2 36 38
21 4 37 77 78 79
21 4 13 36 40 80
21 3 39 41 42
14 1 40
14 2 40 43
21 4 42 81 82 83
19 1 1
19 1 4
19 1 4
19 1 4
19 1 5
19 1 6
19 1 10
19 1 11
19 1 12
19 1 12
19 1 13
19 1 14
19 1 15
19 1 15
19 1 17
19 1 17
19 1 18
19 1 18
19 1 19
19 1 19
19 1 20
19 1 25
19 1 28
19 1 28
19 1 28
19 1 31
19 1 31
19 1 31
19 1 34
19 1 34
19 1 34
19 1 35
19 1 36
19 1 38
19 1 38
19 1 38
19 1 39
19 1 43
19 1 43
19 1 43
34 1
21 3 1 5 19
21 3 0 2 20
21 3 1 3 21
21 3 2 4 22
21 3 3 5 6
21 3 0 4 23
21 3 4 7 24
21 3 6 8 25
21 4 7 9 26 27
14 2 8 10
21 3 9 11 12
14 1 10
21 3 10 13 17
21 3 12 14 28
21 3 13 15 29
21 3 14 16 30
21 3 15 17 31
21 3 12 16 18
17 3 17 32 33
19 1 0
19 1 1
19 1 2
19 1 3
19 1 5
19 1 6
19 1 7
19 1 8
19 1 8
19 1 13
19 1 14
19 1 15
19 1 16
19 1 18
19 1 18
27 1
14 2 1 8
21 3 0 2 7
21 3 1 3 15
21 3 2 4 16
21 3 3 5 6
17 3 4 17 18
21 3 4 7 19
21 3 1 6 20
21 3 0 9 14
21 3 8 10 21
21 3 9 11 22
21 3 10 12 13
17 3 11 23 24
21 3 11 14 25
21 3 8 13 26
19 1 2
19 1 3
19 1 5
19 1 5
19 1 6
19 1 7
19 1 9
19 1 10
19 1 12
19 1 12
19 1 13
19 1 14
11 1
21 4 1 2 4 6
2 1 0
21 4 0 3 7 8
2 1 2
21 4 0 5 9 10
4 1 4
19 1 0
19 1 2
19 1 2
19 1 4
19 1 4
25 1
14 1 1
21 3 0 2 4
14 2 1 3
7 1 2
21 3 1 5 17
21 3 4 6 7
2 1 5
21 3 5 8 9
14 1 7
21 3 7 10 16
21 3 9 11 18
21 3 10 12 19
21 3 11 13 15
14 2 12 14
21 4 13 20 21 22
21 3 12 16 23
21 3 9 15 24
19 1 4
19 1 10
19 1 11
19 1 14
19 1 14
19 1 14
19 1 15
19 1 16
22 1
21 3 1 7 17
21 3 0 2 18
21 3 1 3 4
4 1 2
21 3 2 5 6
4 1 4
21 3 4 7 19
21 3 0 6 8
14 2 7 9
21 3 8 10 16
21 3 9 11 20
21 3 10 12 13
4 1 11
21 3 11 14 15
4 1 13
21 3 13 16 21
21 3 9 15 17
14 2 0 16
19 1 1
19 1 6
19 1 10
19 1 15
8 1
21 4 1 2 4 5
2 1 0
21 4 0 3 6 7
2 1 2
19 1 0
19 1 0
19 1 2
19 1 2
37 1
21 4 1 9 14 15
21 4 0 2 16 17
21 4 1 3 18 19
21 4 2 4 20 21
21 4 3 5 22 23
21 4 4 6 24 25
21 4 5 7 26 27
21 4 6 8 28 29
17 3 7 30 31
21 4 0 10 32 33
21 4 9 11 34 35
21 3 10 12 13
14 1 11
14 2 11 36
19 1 0
19 1 0
19 1 1
19 1 1
19 1 2
19 1 2
19 1 3
19 1 3
19 1 4
19 1 4
19 1 5
19 1 5
19 1 6
19 1 6
19 1 7
19 1 7
19 1 8
19 1 8
19 1 9
19 1 9
19 1 10
19 1 10
19 1 13
66 1
21 3 1 16 28
21 3 0 2 29
21 3 1 3 30
21 3 2 4 15
21 3 3 5 6
14 1 4
14 2 4 7
21 4 6 8 31 32
21 4 7 9 11 33
21 4 8 10 34 35
21 4 9 36 37 38
21 4 8 12 39 40
21 4 11 13 41 42
21 4 12 14 43 44
21 4 13 45 46 47
21 3 3 16 17
21 3 0 15 48
21 3 15 18 19
14 1 17
14 2 17 20
21 4 19 21 49 50
21 4 20 22 24 51
21 4 21 23 52 53
21 4 22 54 55 56
21 4 21 25 57 58
21 4 24 26 59 60
21 4 25 27 61 62
21 4 26 63 64 65
19 1 0
19 1 1
19 1 2
19 1 7
19 1 7
19 1 8
19 1 9
19 1 9
19 1 10
19 1 10
19 1 10
19 1 11
19 1 11
19 1 12
19 1 12
19 1 13
19 1 13
19 1 14
19 1 14
19 1 14
19 1 16
19 1 20
19 1 20
19 1 21
19 1 22
19 1 22
19 1 23
19 1 23
19 1 23
19 1 24
19 1 24
19 1 25
19 1 25
19 1 26
19 1 26
19 1 27
19 1 27
19 1 27
35 1
21 3 1 5 20
21 3 0 2 21
21 3 1 3 10
21 3 2 4 22
21 3 3 5 23
21 3 0 4 6
17 3 5 7 24
21 3 6 8 9
21 4 7 25 26 27
14 1 7
17 2 2 11
17 2 10 12
21 3 11 13 18
21 3 12 14 28
21 3 13 15 16
21 4 14 29 30 31
21 3 14 17 32
21 3 16 18 33
21 3 12 17 19
14 2 18 34
19 1 0
19 1 1
19 1 3
19 1 4
19 1 6
19 1 8
19 1 8
19 1 8
19 1 13
19 1 15
19 1 15
19 1 15
19 1 16
19 1 17
19 1 19
75 1
21 3 1 9 51
21 3 0 2 52
21 3 1 3 7
21 3 2 4 53
21 3 3 5 54
21 3 4 6 55
21 3 5 7 56
21 3 2 6 8
21 3 7 9 11
21 3 0 8 10
14 2 9 57
17 2 8 12
17 2 11 13
21 3 12 14 20
21 3 13 15 58
21 3 14 16 17
21 4 15 59 60 61
21 3 15 18 19
4 1 17
21 3 17 20 62
21 3 13 19 21
13 4 20 22 23 24
14 1 21
14 1 21
14 2 21 25
1 2 24 26
14 2 25 27
13 4 26 28 29 30
14 1 27
14 1 27
21 3 27 31 37
21 3 30 32 63
21 3 31 33 34
4 1 32
21 3 32 35 36
21 4 34 64 65 66
21 3 34 37 67
21 3 30 36 38
17 2 37 39
17 2 38 40
21 3 39 41 50
21 3 40 42 43
14 2 41 68
21 3 41 44 69
21 3 43 45 70
21 3 44 46 50
21 3 45 47 71
21 3 46 48 72
21 3 47 49 73
21 3 48 50 74
21 3 40 45 49
19 1 0
19 1 1
19 1 3
19 1 4
19 1 5
19 1 6
19 1 10
19 1 14
19 1 16
19 1 16
19 1 16
19 1 19
19 1 31
19 1 35
19 1 35
19 1 35
19 1 36
19 1 42
19 1 43
19 1 44
19 1 46
19 1 47
19 1 48
19 1 49
31 1
17 2 1 8
17 2 0 2
21 3 1 3 7
21 3 2 4 19
21 3 3 5 20
21 3 4 6 21
21 3 5 7 22
21 3 2 6 23
21 3 0 9 18
21 3 8 10 11
14 2 9 24
21 3 9 12 25
21 3 11 13 26
21 3 12 14 18
21 3 13 15 27
21 3 14 16 28
21 3 15 17 29
21 3 16 18 30
21 3 8 13 17
19 1 3
19 1 4
19 1 5
19 1 6
19 1 7
19 1 10
19 1 11
19 1 12
19 1 14
19 1 15
19 1 16
19 1 17
11 1
21 3 1 6 7
21 3 0 2 8
21 4 1 3 9 10
17 2 2 4
21 2 3 5
13 1 4
19 1 0
19 1 0
19 1 1
19 1 2
19 1 2
25 1
17 3 1 2 3
21 4 0 13 14 15
21 4 0 16 17 18
21 3 0 4 5
13 1 3
13 2 3 6
11 2 5 7
13 2 6 8
21 3 7 9 10
13 1 8
17 3 8 11 12
21 4 10 19 20 21
21 4 10 22 23 24
19 1 1
19 1 1
19 1 1
19 1 2
19 1 2
19 1 2
19 1 11
19 1 11
19 1 11
19 1 12
19 1 12
19 1 12
15 1
17 3 1 9 10
21 3 0 2 8
17 2 1 3
21 3 2 4 5
17 3 3 11 12
17 2 3 6
21 3 5 7 8
17 3 6 13 14
17 2 1 6
19 1 0
19 1 0
19 1 4
19 1 4
19 1 7
19 1 7
29 1
21 4 1 8 15 16
21 3 0 2 7
21 3 1 3 17
21 3 2 4 18
21 3 3 5 6
17 3 4 19 20
21 3 4 7 21
21 3 1 6 22
21 3 0 9 14
21 3 8 10 23
21 3 9 11 24
21 3 10 12 13
17 3 11 25 26
21 3 11 14 27
21 3 8 13 28
19 1 0
19 1 0
19 1 2
19 1 3
19 1 5
19 1 5
19 1 6
19 1 7
19 1 9
19 1 10
19 1 12
19 1 12
19 1 13
19 1 14
24 1
21 4 1 10 11 12
21 4 0 2 3 13
21 4 1 14 15 16
21 4 1 4 17 18
21 3 3 5 6
14 1 4
14 2 4 7
21 4 6 8 19 20
21 3 7 9 21
21 3 8 22 23
19 1 0
19 1 0
19 1 0
19 1 1
19 1 2
19 1 2
19 1 2
19 1 3
19 1 3
19 1 7
19 1 7
19 1 8
19 1 9
19 1 9
30 1
14 2 1 5
21 4 0 2 16 17
21 4 1 3 4 18
21 4 2 4 19 20
14 2 2 3
21 3 0 6 10
21 3 5 7 21
21 3 6 8 22
21 3 7 9 23
21 3 8 10 11
21 3 5 9 24
14 2 9 12
21 4 11 13 25 26
21 4 12 14 15 27
21 4 13 15 28 29
14 2 13 14
19 1 1
19 1 1
19 1 2
19 1 3
19 1 3
19 1 6
19 1 7
19 1 8
19 1 10
19 1 12
19 1 12
19 1 13
19 1 14
19 1 14
15 1
21 3 1 2 4
14 1 0
21 3 0 3 7
21 3 2 8 9
14 2 0 5
21 4 4 6 10 11
21 4 5 12 13 14
19 1 2
19 1 3
19 1 3
19 1 5
19 1 5
19 1 6
19 1 6
19 1 6
24 1
17 3 1 6 13
21 3 0 2 3
14 1 1
17 3 1 4 5
21 4 3 14 15 16
21 4 3 17 18 19
21 3 0 7 12
21 3 6 8 20
21 3 7 9 21
21 3 8 10 11
4 1 9
21 3 9 12 22
21 3 6 11 23
19 1 0
19 1 4
19 1 4
19 1 4
19 1 5
19 1 5
19 1 5
19 1 7
19 1 8
19 1 11
19 1 12
10 1
21 4 1 4 5 6
21 4 0 2 3 7
21 4 1 3 8 9
14 2 1 2
19 1 0
19 1 0
19 1 0
19 1 1
19 1 2
19 1 2
9 1
21 3 1 3 5
21 4 0 2 6 7
4 1 1
21 3 0 4 8
4 1 3
19 1 0
19 1 1
19 1 1
19 1 3
20 1
17 3 1 9 10
21 3 0 2 7
21 3 1 3 4
21 4 2 11 12 13
21 3 2 5 14
21 3 4 6 15
21 3 5 7 16
21 3 1 6 8
21 4 7 17 18 19
19 1 0
19 1 0
19 1 3
19 1 3
19 1 3
19 1 4
19 1 5
19 1 6
19 1 8
19 1 8
19 1 8
39 1
21 3 1 8 15
21 3 0 2 7
21 3 1 3 22
21 3 2 4 23
21 3 3 5 6
17 2 4 24
21 3 4 7 25
21 3 1 6 26
21 3 0 9 14
21 3 8 10 27
21 3 9 11 28
21 3 10 12 13
17 3 11 29 30
21 3 11 14 31
21 3 8 13 32
21 3 0 16 21
21 3 15 17 33
21 3 16 18 34
21 3 17 19 20
17 3 18 35 36
21 3 18 21 37
21 3 15 20 38
19 1 2
19 1 3
19 1 5
19 1 6
19 1 7
19 1 9
19 1 10
19 1 12
19 1 12
19 1 13
19 1 14
19 1 16
19 1 17
19 1 19
19 1 19
19 1 20
19 1 21
13 1
14 1 1
15 4 0 2 3 5
19 1 1
14 2 1 4
21 4 3 7 8 9
14 2 1 6
21 4 5 10 11 12
19 1 4
19 1 4
19 1 4
19 1 6
19 1 6
19 1 6
12 1
21 3 1 5 6
21 3 0 2 7
21 3 1 3 8
21 3 2 4 9
21 3 3 5 10
21 3 0 4 11
19 1 0
19 1 1
19 1 2
19 1 3
19 1 4
19 1 5
24 1
21 4 1 10 11 12
21 4 0 2 3 9
21 4 1 13 14 15
21 4 1 4 16 17
21 3 3 5 6
21 4 4 18 19 20
21 3 4 7 21
21 3 6 8 9
14 1 7
21 4 1 7 22 23
19 1 0
19 1 0
19 1 0
19 1 2
19 1 2
19 1 2
19 1 3
19 1 3
19 1 5
19 1 5
19 1 5
19 1 6
19 1 9
19 1 9
26 1
15 4 1 2 4 6
14 1 0
14 2 0 3
21 4 2 12 13 14
14 2 0 5
21 4 4 15 16 17
17 3 0 7 11
21 4 6 8 18 19
21 4 7 9 20 21
14 2 8 10
21 4 9 11 22 23
21 4 6 10 24 25
19 1 3
19 1 3
19 1 3
19 1 5
19 1 5
19 1 5
19 1 7
19 1 7
19 1 8
19 1 8
19 1 10
19 1 10
19 1 11
19 1 11
32 1
14 1 1
21 3 0 2 19
21 3 1 3 9
21 3 2 4 5
17 3 3 20 21
21 3 3 6 22
21 3 5 7 23
21 3 6 8 9
17 3 7 24 25
21 3 2 7 10
21 3 9 11 12
14 1 10
21 3 10 13 19
21 3 12 14 15
17 3 13 26 27
21 3 13 16 28
21 3 15 17 29
21 3 16 18 19
17 3 17 30 31
21 3 1 12 17
19 1 4
19 1 4
19 1 5
19 1 6
19 1 8
19 1 8
19 1 14
19 1 14
19 1 15
19 1 16
19 1 18
19 1 18
12 1
21 3 1 2 3
21 4 0 5 6 7
21 3 0 8 9
21 4 0 4 10 11
4 1 3
19 1 1
19 1 1
19 1 1
19 1 2
19 1 2
19 1 3
19 1 3
23 1
4 1 1
21 4 0 2 12 16
21 3 1 3 4
4 1 2
21 3 2 5 6
4 1 4
21 4 4 7 8 16
4 1 6
21 4 6 9 12 19
21 3 8 10 11
14 1 9
14 2 9 20
21 4 1 8 13 21
21 3 12 14 15
14 1 13
14 2 13 22
21 4 1 6 17 18
4 1 16
4 1 16
19 1 8
19 1 11
19 1 12
19 1 15
5 1
21 4 1 2 3 4
4 1 0
4 1 0
19 1 0
19 1 0
38 1
21 4 1 2 17 18
4 1 0
21 4 0 3 19 20
21 4 2 4 5 21
4 1 3
21 4 3 6 22 23
21 4 5 7 8 24
4 1 6
21 4 6 9 25 26
21 4 8 10 27 28
21 4 9 11 12 29
4 1 10
21 4 10 13 30 31
21 4 12 14 15 32
4 1 13
21 4 13 16 33 34
21 4 15 35 36 37
19 1 0
19 1 0
19 1 2
19 1 2
19 1 3
19 1 5
19 1 5
19 1 6
19 1 8
19 1 8
19 1 9
19 1 9
19 1 10
19 1 12
19 1 12
19 1 13
19 1 15
19 1 15
19 1 16
19 1 16
19 1 16
23 1
14 2 1 12
21 3 0 2 10
21 3 1 3 4
2 1 2
21 3 2 5 6
2 1 4
21 3 4 7 8
2 1 6
21 3 6 9 10
2 1 8
21 3 1 8 11
2 1 10
21 3 0 13 21
21 3 12 14 15
2 1 13
21 3 13 16 17
2 1 15
21 3 15 18 19
2 1 17
21 3 17 20 21
2 1 19
21 3 12 19 22
2 1 21
6 1
21 3 1 2 3
4 1 0
4 1 0
21 3 0 4 5
4 1 3
4 1 3
22 1
21 4 1 2 9 16
4 1 0
21 4 0 3 4 18
4 1 2
21 4 2 5 6 7
4 1 4
4 1 4
21 4 4 8 9 20
4 1 7
21 4 0 7 10 11
4 1 9
21 4 9 12 13 20
4 1 11
21 4 11 14 15 16
4 1 13
4 1 13
21 4 0 13 17 18
4 1 16
21 4 2 16 19 20
4 1 18
21 4 7 11 18 21
4 1 20
12 1
21 3 1 2 5
4 1 0
21 3 0 3 4
21 4 2 6 7 8
21 4 2 9 10 11
19 1 0
19 1 3
19 1 3
19 1 3
19 1 4
19 1 4
19 1 4
12 1
21 3 1 6 8
21 3 0 2 9
21 3 1 3 4
4 1 2
21 3 2 5 10
21 3 4 6 11
21 3 0 5 7
4 1 6
19 1 0
19 1 1
19 1 4
19 1 5
5 1
21 4 1 2 3 4
2 1 0
4 1 0
4 1 0
19 1 0
16 1
15 4 1 2 3 5
21 4 0 7 8 9
14 1 0
14 2 0 4
21 4 3 10 11 12
14 2 0 6
21 4 5 13 14 15
19 1 1
19 1 1
19 1 1
19 1 4
19 1 4
19 1 4
19 1 6
19 1 6
19 1 6
10 1
21 3 1 2 3
17 3 0 5 6
14 1 0
14 2 0 4
21 4 3 7 8 9
19 1 1
19 1 1
19 1 4
19 1 4
19 1 4
13 1
21 4 1 2 5 6
21 4 0 7 8 9
21 4 0 3 4 10
21 4 2 4 11 12
14 2 2 3
19 1 0
19 1 0
19 1 1
19 1 1
19 1 1
19 1 2
19 1 3
19 1 3
9 1
21 3 1 3 6
14 2 0 2
7 1 1
21 3 0 4 7
21 3 3 5 8
14 1 4
19 1 0
19 1 3
19 1 4
15 1
13 2 1 10
21 3 0 2 9
17 2 1 3
21 3 2 4 8
21 3 3 5 11
21 3 4 6 12
21 3 5 7 13
21 3 6 8 14
21 3 3 7 9
13 2 1 8
19 1 0
19 1 4
19 1 5
19 1 6
19 1 7
17 1
14 1 1
17 3 0 2 3
14 1 1
21 3 1 4 10
21 3 3 5 11
21 3 4 6 12
21 3 5 7 8
17 3 6 13 14
21 3 6 9 10
14 2 8 15
21 3 3 8 16
19 1 4
19 1 5
19 1 7
19 1 7
19 1 9
19 1 10
17 1
14 1 1
17 3 0 2 3
14 1 1
21 3 1 4 10
21 3 3 5 11
21 3 4 6 12
21 3 5 7 8
14 2 6 13
21 3 6 9 10
17 3 8 14 15
21 3 3 8 16
19 1 4
19 1 5
19 1 7
19 1 9
19 1 9
19 1 10
23 1
17 2 1 10
21 3 0 2 17
21 3 1 3 6
21 3 2 4 18
21 3 3 5 19
21 3 4 6 7
14 2 2 5
17 3 5 8 9
14 1 7
14 1 7
17 3 0 11 15
21 4 10 12 20 21
21 3 11 13 14
14 1 12
17 3 12 15 22
21 3 10 14 16
14 1 15
19 1 1
19 1 3
19 1 4
19 1 11
19 1 11
19 1 14
18 1
15 4 1 2 4 6
14 1 0
14 2 0 3
21 4 2 11 12 13
14 2 0 5
21 4 4 14 15 16
14 2 0 7
21 3 6 8 17
21 3 7 9 10
4 1 8
4 1 8
19 1 3
19 1 3
19 1 3
19 1 5
19 1 5
19 1 5
19 1 7
26 1
21 3 1 2 6
21 4 0 10 11 12
21 3 0 3 13
21 4 2 4 14 15
21 4 3 5 7 16
21 4 4 6 17 18
21 4 0 5 19 20
21 3 4 8 9
21 3 7 21 22
21 4 7 23 24 25
19 1 1
19 1 1
19 1 1
19 1 2
19 1 3
19 1 3
19 1 4
19 1 5
19 1 5
19 1 6
19 1 6
19 1 8
19 1 8
19 1 9
19 1 9
19 1 9
5 1
21 4 1 2 3 4
2 1 0
2 1 0
2 1 0
19 1 0
14 1
21 3 1 6 8
21 3 0 2 9
21 3 1 3 4
4 1 2
21 3 2 5 10
21 3 4 6 11
21 3 0 5 7
17 3 6 12 13
19 1 0
19 1 1
19 1 4
19 1 5
19 1 7
19 1 7
46 1
4 1 1
21 3 0 2 27
21 3 1 3 28
21 3 2 4 18
21 3 3 5 6
14 1 4
17 3 4 7 29
21 4 6 8 15 30
21 4 7 9 31 32
21 3 8 10 14
21 3 9 11 33
21 3 10 12 34
21 3 11 13 35
21 3 12 14 36
21 3 9 13 37
21 3 7 16 17
14 1 15
14 2 15 38
21 3 3 19 20
14 2 18 39
21 3 18 21 27
21 3 20 22 23
14 1 21
14 2 21 24
21 4 23 25 26 40
21 4 24 41 42 43
21 4 24 27 44 45
21 3 1 20 26
19 1 2
19 1 6
19 1 7
19 1 8
19 1 8
19 1 10
19 1 11
19 1 12
19 1 13
19 1 14
19 1 17
19 1 19
19 1 24
19 1 25
19 1 25
19 1 25
19 1 26
19 1 26
24 1
14 2 1 2
21 4 0 16 17 18
21 3 0 3 15
21 3 2 4 7
14 2 3 5
21 3 4 6 19
21 3 5 7 20
21 3 3 6 8
21 3 7 9 21
21 3 8 10 15
21 3 9 11 22
21 3 10 12 23
21 3 11 13 14
14 1 12
14 2 12 15
21 3 2 9 14
19 1 1
19 1 1
19 1 1
19 1 5
19 1 6
19 1 8
19 1 10
19 1 11
20 1
21 3 1 5 9
21 3 0 2 10
21 3 1 3 11
21 3 2 4 12
21 3 3 5 13
21 3 0 4 6
17 3 5 7 8
21 4 6 14 15 16
21 4 6 17 18 19
19 1 0
19 1 1
19 1 2
19 1 3
19 1 4
19 1 7
19 1 7
19 1 7
19 1 8
19 1 8
19 1 8
8 1
21 4 1 2 3 4
4 1 0
4 1 0
4 1 0
21 4 0 5 6 7
4 1 4
4 1 4
4 1 4
22 1
21 4 1 2 6 10
14 2 0 2
21 4 0 1 3 11
21 4 2 4 12 13
21 4 3 5 14 15
21 4 4 6 7 16
21 4 0 5 17 18
21 4 5 8 9 19
21 4 7 9 20 21
14 2 7 8
19 1 0
19 1 2
19 1 3
19 1 3
19 1 4
19 1 4
19 1 5
19 1 6
19 1 6
19 1 7
19 1 8
19 1 8
8 1
21 4 1 3 4 5
21 4 0 2 6 7
2 1 1
19 1 0
19 1 0
19 1 0
19 1 1
19 1 1
14 1
21 3 1 6 8
21 3 0 2 9
21 3 1 3 4
14 2 2 10
21 3 2 5 11
21 3 4 6 12
21 3 0 5 7
14 2 6 13
19 1 0
19 1 1
19 1 3
19 1 4
19 1 5
19 1 7
29 1
21 4 1 2 17 18
21 4 0 19 20 21
17 3 0 3 16
21 3 2 4 22
21 3 3 5 8
21 3 4 6 7
14 1 5
14 2 5 23
21 3 4 9 10
14 1 8
21 3 8 11 16
21 3 10 12 24
21 3 11 13 25
21 3 12 14 15
21 4 13 26 27 28
17 2 13 16
21 3 2 10 15
19 1 0
19 1 0
19 1 1
19 1 1
19 1 1
19 1 3
19 1 7
19 1 11
19 1 12
19 1 14
19 1 14
19 1 14
19 1
21 4 1 2 3 9
21 4 0 10 11 12
14 2 0 13
21 3 0 4 8
21 3 3 5 14
21 3 4 6 15
21 3 5 7 16
21 3 6 8 17
21 3 3 7 18
19 1 0
19 1 1
19 1 1
19 1 1
19 1 2
19 1 4
19 1 5
19 1 6
19 1 7
19 1 8
34 1
21 3 1 6 9
21 3 0 2 18
21 3 1 3 19
21 3 2 4 5
17 3 3 20 21
21 3 3 6 7
21 3 0 5 22
14 2 5 8
21 4 7 23 24 25
21 3 0 10 17
21 3 9 11 26
21 3 10 12 27
21 3 11 13 14
17 3 12 28 29
21 3 12 15 17
14 2 14 16
21 4 15 30 31 32
21 3 9 14 33
19 1 1
19 1 2
19 1 4
19 1 4
19 1 6
19 1 8
19 1 8
19 1 8
19 1 10
19 1 11
19 1 13
19 1 13
19 1 16
19 1 16
19 1 16
19 1 17
11 1
21 4 1 2 5 6
14 2 0 7
21 4 0 3 4 8
21 4 2 4 9 10
14 2 2 3
19 1 0
19 1 0
19 1 1
19 1 2
19 1 3
19 1 3
11 1
21 3 1 4 7
21 3 0 2 8
21 3 1 3 9
21 3 2 4 5
14 2 0 3
21 3 3 6 10
14 1 5
19 1 0
19 1 1
19 1 2
19 1 5
26 1
14 1 1
21 3 0 2 18
21 3 1 3 7
21 3 2 4 19
21 3 3 5 20
21 3 4 6 21
21 3 5 7 22
21 3 2 6 8
21 3 7 9 10
14 1 8
21 3 8 11 18
21 3 10 12 13
2 1 11
21 3 11 14 23
21 3 13 15 16
2 1 14
21 3 14 17 18
17 3 16 24 25
21 3 1 10 16
19 1 3
19 1 4
19 1 5
19 1 6
19 1 13
19 1 17
19 1 17
11 1
21 4 1 2 4 6
4 1 0
21 4 0 3 7 8
4 1 2
21 4 0 5 9 10
4 1 4
19 1 0
19 1 2
19 1 2
19 1 4
19 1 4
13 1
21 4 1 4 7 10
17 3 0 2 3
14 1 1
14 1 1
17 3 0 5 6
14 1 4
14 1 4
17 3 0 8 9
14 1 7
14 1 7
17 3 0 11 12
14 1 10
14 1 10
12 1
21 4 1 4 6 7
21 4 0 2 8 9
17 3 1 3 10
21 3 2 4 5
17 3 0 3 11
13 1 3
19 1 0
19 1 0
19 1 1
19 1 1
19 1 2
19 1 4
32 1
21 3 1 6 8
21 3 0 2 16
21 3 1 3 17
21 3 2 4 5
17 3 3 18 19
21 3 3 6 7
21 3 0 5 20
21 4 5 21 22 23
21 3 0 9 15
21 3 8 10 24
21 3 9 11 25
21 3 10 12 13
17 3 11 26 27
21 3 11 14 15
21 4 13 28 29 30
21 3 8 13 31
19 1 1
19 1 2
19 1 4
19 1 4
19 1 6
19 1 7
19 1 7
19 1 7
19 1 9
19 1 10
19 1 12
19 1 12
19 1 14
19 1 14
19 1 14
19 1 15
26 1
15 4 1 2 6 10
14 1 0
14 2 0 3
21 4 2 4 14 15
21 4 3 5 16 17
4 1 4
14 2 0 7
21 4 6 8 18 19
21 4 7 9 20 21
4 1 8
14 2 0 11
21 4 10 12 22 23
21 4 11 13 24 25
4 1 12
19 1 3
19 1 3
19 1 4
19 1 4
19 1 7
19 1 7
19 1 8
19 1 8
19 1 11
19 1 11
19 1 12
19 1 12
88 1
14 2 1 64
21 3 0 2 53
21 3 1 3 45
17 2 2 4
17 2 3 5
21 3 4 6 10
21 3 5 7 65
21 3 6 8 66
21 3 7 9 13
21 3 8 10 67
21 3 5 9 11
14 2 10 12
21 4 11 68 69 70
21 3 8 14 44
21 3 13 15 71
21 3 14 16 72
21 3 15 17 41
17 2 16 18
17 2 17 19
21 3 18 20 30
21 3 19 21 22
14 2 20 73
21 3 20 23 28
21 3 22 24 25
17 3 23 74 75
21 3 23 26 76
21 3 25 27 36
21 3 26 28 77
21 3 22 27 29
21 3 28 30 78
21 3 19 29 31
13 4 30 32 33 34
14 1 31
14 1 31
14 2 31 35
7 1 34
13 4 26 37 38 39
14 1 36
14 1 36
14 2 36 40
7 1 39
21 3 16 42 44
14 2 41 43
21 4 42 79 80 81
21 3 13 41 82
21 3 2 46 59
21 3 45 47 83
21 3 46 48 53
21 3 47 49 84
21 3 48 50 54
21 3 49 51 85
21 3 50 52 53
17 3 51 86 87
21 3 1 47 51
13 4 49 55 56 57
14 1 54
14 1 54
14 2 54 58
7 1 57
13 4 45 60 61 62
14 1 59
14 1 59
14 2 59 63
7 1 62
19 1 0
19 1 6
19 1 7
19 1 9
19 1 12
19 1 12
19 1 12
19 1 14
19 1 15
19 1 21
19 1 24
19 1 24
19 1 25
19 1 27
19 1 29
19 1 43
19 1 43
19 1 43
19 1 44
19 1 46
19 1 48
19 1 50
19 1 52
19 1 52
22 1
21 3 1 7 9
21 3 0 2 18
21 3 1 3 4
2 1 2
21 3 2 5 19
21 3 4 6 7
2 1 5
21 3 0 5 8
2 1 7
21 3 0 10 16
21 3 9 11 20
21 3 10 12 13
2 1 11
21 3 11 14 21
21 3 13 15 16
2 1 14
21 3 9 14 17
2 1 16
19 1 1
19 1 4
19 1 10
19 1 13
12 1
21 4 1 2 4 6
2 1 0
21 4 0 3 7 8
2 1 2
21 4 0 5 9 10
14 2 4 11
19 1 0
19 1 2
19 1 2
19 1 4
19 1 4
19 1 5
9 1
21 3 1 4 5
21 3 0 2 6
21 3 1 3 7
21 3 2 4 8
14 2 0 3
19 1 0
19 1 1
19 1 2
19 1 3
84 1
21 4 1 56 57 58
21 3 0 2 6
21 3 1 3 59
21 3 2 4 60
21 3 3 5 7
21 3 4 6 61
21 3 1 5 62
13 4 4 8 9 10
14 1 7
14 1 7
14 2 7 11
21 3 10 12 16
21 3 11 13 63
21 3 12 14 64
21 3 13 15 17
21 3 14 16 65
21 3 11 15 66
17 2 14 18
17 2 17 19
21 3 18 20 24
21 3 19 21 67
21 3 20 22 68
21 3 21 23 26
21 3 22 24 69
21 3 19 23 25
21 4 24 70 71 72
21 3 22 27 55
21 3 26 28 73
21 3 27 29 74
21 3 28 30 53
17 2 29 31
17 2 30 32
21 3 31 33 42
21 3 32 34 35
14 2 33 75
21 3 33 36 76
21 3 35 37 77
21 3 36 38 42
21 3 37 39 78
21 3 38 40 48
21 3 39 41 79
21 3 40 42 43
21 3 32 37 41
13 4 41 44 45 46
14 1 43
14 1 43
14 2 43 47
7 1 46
13 4 39 49 50 51
14 1 48
14 1 48
14 2 48 52
7 1 51
21 3 29 54 55
21 4 53 80 81 82
21 3 26 53 83
19 1 0
19 1 0
19 1 0
19 1 2
19 1 3
19 1 5
19 1 6
19 1 12
19 1 13
19 1 15
19 1 16
19 1 20
19 1 21
19 1 23
19 1 25
19 1 25
19 1 25
19 1 27
19 1 28
19 1 34
19 1 35
19 1 36
19 1 38
19 1 40
19 1 54
19 1 54
19 1 54
19 1 55
36 1
17 2 1 12
17 2 0 2
21 3 1 3 8
21 3 2 4 23
21 3 3 5 24
21 3 4 6 7
21 4 5 25 26 27
21 3 5 8 28
21 3 2 7 9
17 3 8 10 11
14 1 9
14 1 9
21 3 0 13 22
21 3 12 14 15
14 2 13 29
21 3 13 16 30
21 3 15 17 31
21 3 16 18 22
21 3 17 19 32
21 3 18 20 33
21 3 19 21 34
21 3 20 22 35
21 3 12 17 21
19 1 3
19 1 4
19 1 6
19 1 6
19 1 6
19 1 7
19 1 14
19 1 15
19 1 16
19 1 18
19 1 19
19 1 20
19 1 21
32 1
21 3 1 7 12
21 3 0 2 3
14 2 1 22
21 3 1 4 23
21 3 3 5 6
14 2 4 24
21 3 4 7 25
21 3 0 6 8
14 2 7 9
21 3 8 10 14
21 3 9 11 12
14 2 10 26
21 3 0 10 13
14 1 12
21 3 9 15 21
21 3 14 16 27
21 3 15 17 28
21 3 16 18 19
14 2 17 29
21 3 17 20 21
14 2 19 30
21 3 14 19 31
19 1 2
19 1 3
19 1 5
19 1 6
19 1 11
19 1 15
19 1 16
19 1 18
19 1 20
19 1 21
16 1
21 3 1 2 10
4 1 0
21 3 0 3 4
4 1 2
21 3 2 5 6
4 1 4
21 3 4 7 8
4 1 6
21 3 6 9 10
4 1 8
21 3 0 8 11
14 2 10 12
21 4 11 13 14 15
19 1 12
19 1 12
19 1 12
18 1
14 2 1 2
21 4 0 11 12 13
21 3 0 3 7
21 3 2 4 14
21 3 3 5 15
21 3 4 6 16
21 3 5 7 17
21 3 2 6 8
17 3 7 9 10
14 1 8
14 1 8
19 1 1
19 1 1
19 1 1
19 1 3
19 1 4
19 1 5
19 1 6
17 1
21 3 1 10 11
21 3 0 2 12
21 3 1 3 13
21 3 2 4 9
21 3 3 5 14
21 3 4 6 15
21 3 5 7 8
14 1 6
14 2 6 9
21 3 3 8 10
21 3 0 9 16
19 1 0
19 1 1
19 1 2
19 1 4
19 1 5
19 1 10
19 1
14 1 1
21 3 0 2 10
21 4 1 3 11 12
21 4 2 4 13 14
21 3 3 5 9
21 3 4 6 15
21 3 5 7 16
21 3 6 8 17
21 3 7 9 18
21 3 4 8 10
14 2 1 9
19 1 2
19 1 2
19 1 3
19 1 3
19 1 5
19 1 6
19 1 7
19 1 8
80 1
21 3 1 6 10
21 3 0 2 3
17 3 1 64 65
21 3 1 4 66
21 3 3 5 59
21 3 4 6 67
21 3 0 5 7
21 3 6 8 68
21 3 7 9 54
21 3 8 10 21
21 3 0 9 11
14 2 10 12
5 2 11 13
14 2 12 14
21 3 13 15 19
21 3 14 16 69
21 3 15 17 22
21 3 16 18 70
21 3 17 19 71
21 3 14 18 20
17 2 19 21
17 2 9 20
21 3 16 23 34
21 3 22 24 72
21 3 23 25 73
21 3 24 26 33
17 2 25 27
17 2 26 28
21 3 27 29 43
21 3 28 30 35
14 2 29 31
5 2 30 32
14 2 31 33
21 3 25 32 34
21 3 22 33 74
21 3 29 36 41
21 3 35 37 38
17 3 36 75 76
21 3 36 39 77
21 3 38 40 49
21 3 39 41 78
21 3 35 40 42
21 3 41 43 79
21 3 28 42 44
13 4 43 45 46 47
14 1 44
14 1 44
14 2 44 48
7 1 47
13 4 39 50 51 52
14 1 49
14 1 49
14 2 49 53
7 1 52
13 4 8 55 56 57
14 1 54
14 1 54
14 2 54 58
7 1 57
13 4 4 60 61 62
14 1 59
14 1 59
14 2 59 63
7 1 62
19 1 2
19 1 2
19 1 3
19 1 5
19 1 7
19 1 15
19 1 17
19 1 18
19 1 23
19 1 24
19 1 34
19 1 37
19 1 37
19 1 38
19 1 40
19 1 42
15 1
14 2 1 5
21 4 0 2 3 4
21 4 1 6 7 8
21 4 1 9 10 11
21 4 1 12 13 14
19 1 0
19 1 2
19 1 2
19 1 2
19 1 3
19 1 3
19 1 3
19 1 4
19 1 4
19 1 4
16 1
21 4 1 2 3 7
21 4 0 8 9 10
21 4 0 11 12 13
21 4 0 4 14 15
14 2 3 5
17 2 4 6
14 1 5
19 1 0
19 1 1
19 1 1
19 1 1
19 1 2
19 1 2
19 1 2
19 1 3
19 1 3
6 1
21 3 1 2 3
18 1 0
18 1 0
21 3 0 4 5
18 1 3
18 1 3
19 1
21 4 1 3 5 7
21 4 0 2 9 10
2 1 1
21 4 0 4 11 12
2 1 3
21 4 0 6 13 14
14 2 5 15
21 4 0 8 16 17
14 2 7 18
19 1 1
19 1 1
19 1 3
19 1 3
19 1 5
19 1 5
19 1 6
19 1 7
19 1 7
19 1 8
28 1
21 4 1 13 14 15
21 3 0 2 12
21 3 1 3 16
21 4 2 4 5 6
21 4 3 17 18 19
21 4 3 20 21 22
17 3 3 7 23
21 3 6 8 12
21 3 7 9 24
21 3 8 10 25
21 3 9 11 26
21 3 10 12 27
21 3 1 7 11
19 1 0
19 1 0
19 1 0
19 1 2
19 1 4
19 1 4
19 1 4
19 1 5
19 1 5
19 1 5
19 1 6
19 1 8
19 1 9
19 1 10
19 1 11
42 1
13 4 1 2 3 10
14 1 0
14 1 0
17 3 0 4 28
21 3 3 5 9
21 3 4 6 29
21 3 5 7 30
21 3 6 8 31
21 3 7 9 32
17 2 4 8
21 3 0 11 15
21 3 10 12 33
21 3 11 13 34
21 3 12 14 16
21 3 13 15 35
21 3 10 14 36
17 2 13 17
17 2 16 18
21 3 17 19 24
21 3 18 20 37
21 3 19 21 38
21 3 20 22 23
14 2 21 39
21 3 21 24 25
21 3 18 23 40
21 3 23 26 27
14 1 25
14 2 25 41
19 1 3
19 1 5
19 1 6
19 1 7
19 1 8
19 1 11
19 1 12
19 1 14
19 1 15
19 1 19
19 1 20
19 1 22
19 1 24
19 1 27
43 1
21 3 1 12 23
21 3 0 2 24
21 3 1 3 25
21 3 2 4 11
21 3 3 5 6
14 1 4
14 2 4 7
21 4 6 8 26 27
21 4 7 9 28 29
21 4 8 10 30 31
21 4 9 32 33 34
21 3 3 12 13
21 3 0 11 35
21 3 11 14 15
14 1 13
14 2 13 16
21 4 15 17 36 37
21 3 16 18 22
21 3 17 19 38
21 3 18 20 39
21 3 19 21 40
21 3 20 22 41
21 3 17 21 42
19 1 0
19 1 1
19 1 2
19 1 7
19 1 7
19 1 8
19 1 8
19 1 9
19 1 9
19 1 10
19 1 10
19 1 10
19 1 12
19 1 16
19 1 16
19 1 18
19 1 19
19 1 20
19 1 21
19 1 22
32 1
21 3 1 5 21
21 3 0 2 22
21 3 1 3 23
21 3 2 4 24
21 3 3 5 9
21 3 0 4 6
21 3 5 7 25
21 3 6 8 26
21 3 7 9 10
17 2 4 8
21 4 8 11 19 27
21 3 10 12 13
14 1 11
21 3 11 14 18
21 3 13 15 28
21 3 14 16 29
21 3 15 17 30
21 3 16 18 31
21 3 13 17 19
21 3 10 18 20
14 1 19
19 1 0
19 1 1
19 1 2
19 1 3
19 1 6
19 1 7
19 1 10
19 1 14
19 1 15
19 1 16
19 1 17
38 1
21 4 1 5 10 17
14 2 0 2
21 3 1 3 4
14 1 2
21 3 2 5 9
21 3 0 4 6
21 3 5 7 24
21 3 6 8 25
21 3 7 9 26
21 3 4 8 27
21 3 0 11 16
21 3 10 12 28
21 3 11 13 29
21 3 12 14 15
14 2 13 30
21 3 13 16 31
21 3 10 15 32
21 3 0 18 23
21 3 17 19 33
21 3 18 20 34
21 3 19 21 22
14 2 20 35
21 3 20 23 36
21 3 17 22 37
19 1 6
19 1 7
19 1 8
19 1 9
19 1 11
19 1 12
19 1 14
19 1 15
19 1 16
19 1 18
19 1 19
19 1 21
19 1 22
19 1 23
18 1
21 4 1 2 8 9
21 4 0 10 11 12
21 3 0 3 7
21 3 2 4 13
21 3 3 5 14
21 3 4 6 15
21 3 5 7 16
21 3 2 6 17
19 1 0
19 1 0
19 1 1
19 1 1
19 1 1
19 1 3
19 1 4
19 1 5
19 1 6
19 1 7
10 1
21 3 1 5 6
21 3 0 2 3
4 1 1
21 3 1 4 7
21 3 3 8 9
19 1 0
19 1 0
19 1 3
19 1 4
19 1 4
11 1
21 3 1 5 6
21 3 0 2 7
17 2 1 3
21 3 2 4 8
21 3 3 5 9
21 3 0 4 10
19 1 0
19 1 1
19 1 3
19 1 4
19 1 5
13 1
21 4 1 4 5 6
21 4 0 2 7 8
21 4 1 3 9 10
14 2 2 4
21 4 0 3 11 12
19 1 0
19 1 0
19 1 1
19 1 1
19 1 2
19 1 2
19 1 4
19 1 4
13 1
21 4 1 2 7 8
14 2 0 9
21 3 0 3 6
21 3 2 4 10
21 3 3 5 11
21 3 4 6 12
14 2 2 5
19 1 0
19 1 0
19 1 1
19 1 3
19 1 4
19 1 5
13 1
21 3 1 2 10
4 1 0
21 3 0 3 4
14 2 2 12
21 3 2 5 6
4 1 4
21 3 4 7 8
4 1 6
21 3 6 9 10
4 1 8
21 3 0 8 11
4 1 10
19 1 3
13 1
21 3 1 5 6
21 3 0 2 3
21 4 1 7 8 9
21 3 1 4 10
21 3 3 11 12
19 1 0
19 1 0
19 1 2
19 1 2
19 1 2
19 1 3
19 1 4
19 1 4
12 1
21 3 1 4 5
21 3 0 2 3
21 4 1 6 7 8
21 4 1 9 10 11
19 1 0
19 1 0
19 1 2
19 1 2
19 1 2
19 1 3
19 1 3
19 1 3
27 1
14 2 1 2
21 4 0 13 14 15
21 3 0 3 10
21 3 2 4 16
21 3 3 5 8
21 4 4 6 17 18
21 3 5 7 19
21 3 6 20 21
21 3 4 9 22
21 3 8 10 23
21 3 2 9 11
14 2 10 12
21 4 11 24 25 26
19 1 1
19 1 1
19 1 1
19 1 3
19 1 5
19 1 5
19 1 6
19 1 7
19 1 7
19 1 8
19 1 9
19 1 12
19 1 12
19 1 12
24 1
21 3 1 5 14
21 3 0 2 16
21 3 1 3 17
21 3 2 4 18
21 3 3 5 19
21 3 0 4 6
21 3 5 7 8
14 1 6
21 3 6 9 13
21 3 8 10 20
21 3 9 11 21
21 3 10 12 22
21 3 11 13 23
21 3 8 12 14
21 3 0 13 15
14 1 14
19 1 1
19 1 2
19 1 3
19 1 4
19 1 9
19 1 10
19 1 11
19 1 12
109 1
21 3 1 2 3
14 2 0 50
14 1 0
21 4 0 4 51 52
21 4 3 5 47 53
21 4 4 6 54 55
21 3 5 7 8
14 1 6
14 2 6 9
21 4 8 10 16 56
21 4 9 11 12 57
21 4 10 58 59 60
21 4 10 13 61 62
21 4 12 14 63 64
21 4 13 15 65 66
21 4 14 67 68 69
21 4 9 17 35 70
21 4 16 18 71 72
21 4 17 19 20 73
21 4 18 74 75 76
21 4 18 21 77 78
21 4 20 22 23 79
14 2 21 80
21 4 21 24 81 82
21 4 23 25 83 84
21 4 24 26 85 86
21 4 25 27 87 88
21 4 26 28 29 89
14 2 27 90
21 4 27 30 91 92
21 4 29 31 32 93
14 2 30 94
21 4 30 33 34 95
21 4 32 96 97 98
17 3 32 99 100
14 2 16 36
21 3 35 37 38
14 1 36
21 4 36 39 101 102
21 4 38 40 44 103
21 4 39 41 104 105
21 3 40 42 43
14 2 41 106
14 1 41
21 3 39 45 46
14 2 44 107
14 1 44
21 3 4 48 49
14 2 47 108
14 1 47
19 1 1
19 1 3
19 1 3
19 1 4
19 1 5
19 1 5
19 1 9
19 1 10
19 1 11
19 1 11
19 1 11
19 1 12
19 1 12
19 1 13
19 1 13
19 1 14
19 1 14
19 1 15
19 1 15
19 1 15
19 1 16
19 1 17
19 1 17
19 1 18
19 1 19
19 1 19
19 1 19
19 1 20
19 1 20
19 1 21
19 1 22
19 1 23
19 1 23
19 1 24
19 1 24
19 1 25
19 1 25
19 1 26
19 1 26
19 1 27
19 1 28
19 1 29
19 1 29
19 1 30
19 1 31
19 1 32
19 1 33
19 1 33
19 1 33
19 1 34
19 1 34
19 1 38
19 1 38
19 1 39
19 1 40
19 1 40
19 1 42
19 1 45
19 1 48
2 1
6 1 1
15 1 0
6 0
21 3 1 2 5
4 1 0
21 3 0 3 4
4 1 2
4 1 2
19 1 0
24 0
13 1 1
15 4 0 2 4 6
14 2 1 3
21 4 2 12 13 14
14 2 1 5
21 4 4 15 16 17
13 2 1 7
21 4 6 8 18 19
21 3 7 9 10
14 1 8
17 3 8 11 20
21 4 10 21 22 23
19 1 3
19 1 3
19 1 3
19 1 5
19 1 5
19 1 5
19 1 7
19 1 7
19 1 10
19 1 11
19 1 11
19 1 11
30 0
21 3 1 5 15
21 3 0 2 16
21 3 1 3 17
21 3 2 4 18
21 3 3 5 6
21 3 0 4 19
21 4 4 7 20 21
21 4 6 8 22 23
17 3 7 9 24
21 3 8 10 11
17 2 9 25
17 3 9 12 26
21 3 11 13 14
17 3 12 27 28
17 2 12 29
19 1 0
19 1 1
19 1 2
19 1 3
19 1 5
19 1 6
19 1 6
19 1 7
19 1 7
19 1 8
19 1 10
19 1 11
19 1 13
19 1 13
19 1 14
24 0
21 3 1 2 13
4 1 0
21 3 0 3 4
4 1 2
21 4 2 5 6 15
4 1 4
21 4 4 7 12 18
21 4 6 8 19 20
21 4 7 9 10 21
4 1 8
21 4 8 11 12 22
4 1 10
21 4 6 10 13 23
21 4 0 12 14 15
4 1 13
21 4 4 13 16 17
4 1 15
4 1 15
19 1 6
19 1 7
19 1 7
19 1 8
19 1 10
19 1 12
22 0
4 1 1
21 4 0 2 13 14
21 3 1 3 4
4 1 2
21 3 2 5 6
4 1 4
21 4 4 7 8 14
4 1 6
21 4 6 9 13 17
21 3 8 10 18
21 3 9 11 19
21 4 10 12 13 20
4 1 11
21 4 1 8 11 21
21 4 1 6 15 16
4 1 14
4 1 14
19 1 8
19 1 9
19 1 10
19 1 11
19 1 13
18 0
15 4 1 2 4 6
14 1 0
14 2 0 3
21 4 2 11 12 13
14 2 0 5
21 4 4 14 15 16
14 2 0 7
21 3 6 8 17
21 3 7 9 10
4 1 8
4 1 8
19 1 3
19 1 3
19 1 3
19 1 5
19 1 5
19 1 5
19 1 7
36 0
21 4 1 12 23 24
21 4 0 2 25 26
17 3 1 3 7
21 4 2 4 27 28
21 3 3 5 6
14 1 4
14 2 4 29
21 4 2 8 30 31
21 3 7 9 10
14 1 8
14 2 8 11
7 1 10
17 3 0 13 18
21 4 12 14 32 33
21 3 13 15 16
14 1 14
14 2 14 17
7 1 16
21 4 12 19 34 35
21 3 18 20 21
14 1 19
14 2 19 22
7 1 21
19 1 0
19 1 0
19 1 1
19 1 1
19 1 3
19 1 3
19 1 6
19 1 7
19 1 7
19 1 13
19 1 13
19 1 18
19 1 18
27 0
21 4 1 2 8 12
4 1 0
21 3 0 3 4
4 1 2
21 3 2 5 6
4 1 4
21 4 4 7 8 11
4 1 6
21 4 0 6 9 10
4 1 8
4 1 8
21 4 6 12 15 19
21 4 0 11 13 20
21 4 12 14 18 21
21 4 13 15 22 23
21 4 11 14 16 24
21 4 15 17 18 25
14 2 16 18
21 4 13 16 17 26
19 1 11
19 1 12
19 1 13
19 1 14
19 1 14
19 1 15
19 1 16
19 1 18
18 0
21 4 1 2 10 12
4 1 0
21 4 0 3 4 13
4 1 2
21 4 2 5 6 14
4 1 4
21 4 4 7 8 15
4 1 6
21 4 6 9 10 16
4 1 8
21 4 0 8 11 17
4 1 10
19 1 0
19 1 2
19 1 4
19 1 6
19 1 8
19 1 10
24 0
13 2 1 12
17 3 0 2 10
21 3 1 3 4
14 1 2
21 4 2 5 9 16
21 4 4 6 17 18
21 3 5 7 19
21 3 6 8 20
21 4 7 9 21 22
21 4 4 8 10 23
21 3 1 9 11
14 1 10
21 4 0 13 14 15
4 1 12
4 1 12
4 1 12
19 1 4
19 1 5
19 1 5
19 1 6
19 1 7
19 1 8
19 1 8
19 1 9
27 0
21 4 1 2 8 14
4 1 0
21 4 0 3 4 19
4 1 2
21 4 2 5 6 16
4 1 4
21 4 4 7 13 20
21 4 6 8 12 21
21 4 0 7 9 22
21 4 8 10 13 23
21 4 9 11 12 24
14 2 10 12
21 4 7 10 11 25
21 4 6 9 14 26
21 4 0 13 15 16
4 1 14
21 4 4 14 17 18
4 1 16
4 1 16
19 1 2
19 1 6
19 1 7
19 1 8
19 1 9
19 1 10
19 1 12
19 1 13
27 0
4 1 1
21 3 0 2 14
21 3 1 3 4
4 1 2
21 4 2 5 6 16
4 1 4
21 4 4 7 13 19
21 4 6 8 12 20
21 4 7 9 21 22
21 4 8 10 13 23
21 4 9 11 12 24
14 2 10 12
21 4 7 10 11 25
21 4 6 9 14 26
21 4 1 13 15 16
4 1 14
21 4 4 14 17 18
4 1 16
4 1 16
19 1 6
19 1 7
19 1 8
19 1 8
19 1 9
19 1 10
19 1 12
19 1 13
27 0
21 4 1 2 8 12
4 1 0
21 3 0 3 4
4 1 2
21 3 2 5 6
4 1 4
21 4 4 7 8 11
4 1 6
21 4 0 6 9 10
4 1 8
4 1 8
21 4 6 12 15 19
21 4 0 11 13 20
21 4 12 14 18 21
21 4 13 15 22 23
21 4 11 14 16 24
21 4 15 17 18 25
14 2 16 18
21 4 13 16 17 26
19 1 11
19 1 12
19 1 13
19 1 14
19 1 14
19 1 15
19 1 16
19 1 18
16 0
21 3 1 2 3
14 1 0
14 2 0 13
21 3 0 4 11
17 2 3 5
21 3 4 6 7
4 1 5
21 3 5 8 9
4 1 7
21 3 7 10 11
17 3 9 14 15
21 3 3 9 12
4 1 11
19 1 2
19 1 10
19 1 10
38 0
21 4 1 7 14 19
21 4 0 2 20 21
21 3 1 3 4
14 1 2
14 2 2 5
21 4 4 6 22 23
21 4 5 24 25 26
13 2 0 8
15 4 7 9 10 12
13 1 8
14 2 8 11
21 4 10 27 28 29
14 2 8 13
21 4 12 30 31 32
21 3 0 15 16
14 1 14
14 2 14 17
21 4 16 18 33 34
21 4 17 35 36 37
19 1 0
19 1 1
19 1 1
19 1 5
19 1 5
19 1 6
19 1 6
19 1 6
19 1 11
19 1 11
19 1 11
19 1 13
19 1 13
19 1 13
19 1 17
19 1 17
19 1 18
19 1 18
19 1 18
17 0
21 3 1 8 12
21 3 0 2 3
4 1 1
21 3 1 4 13
21 3 3 5 6
17 3 4 14 15
21 3 4 7 8
4 1 6
21 3 0 6 9
21 3 8 10 11
14 1 9
14 2 9 16
19 1 0
19 1 3
19 1 5
19 1 5
19 1 11
70 0
4 1 1
21 3 0 2 6
21 3 1 3 44
21 3 2 4 22
21 3 3 5 45
21 3 4 6 46
21 3 1 5 7
17 2 6 8
17 2 7 9
21 4 8 10 13 47
21 3 9 11 12
21 4 10 48 49 50
14 1 10
21 3 9 14 15
14 1 13
17 3 13 16 51
21 3 15 17 21
21 3 16 18 52
21 3 17 19 53
21 3 18 20 54
21 3 19 21 55
21 3 16 20 56
21 3 3 23 43
21 3 22 24 57
21 3 23 25 58
21 3 24 26 41
17 2 25 27
17 2 26 28
21 4 27 29 32 59
21 3 28 30 31
21 4 29 60 61 62
14 1 29
21 3 28 33 34
14 1 32
17 3 32 35 63
21 3 34 36 40
21 3 35 37 64
21 3 36 38 65
21 3 37 39 66
21 3 38 40 67
21 3 35 39 68
21 3 25 42 43
4 1 41
21 3 22 41 69
19 1 2
19 1 4
19 1 5
19 1 9
19 1 11
19 1 11
19 1 11
19 1 15
19 1 17
19 1 18
19 1 19
19 1 20
19 1 21
19 1 23
19 1 24
19 1 28
19 1 30
19 1 30
19 1 30
19 1 34
19 1 36
19 1 37
19 1 38
19 1 39
19 1 40
19 1 43
36 0
14 1 1
21 3 0 2 7
17 3 1 3 18
21 4 2 4 19 20
21 4 3 5 21 22
21 4 4 6 23 24
21 4 5 25 26 27
17 3 1 8 28
13 4 7 9 10 11
14 1 8
14 1 8
21 3 8 12 17
21 3 11 13 29
21 3 12 14 30
21 3 13 15 16
21 4 14 31 32 33
21 3 14 17 34
21 3 11 16 35
19 1 2
19 1 3
19 1 3
19 1 4
19 1 4
19 1 5
19 1 5
19 1 6
19 1 6
19 1 6
19 1 7
19 1 12
19 1 13
19 1 15
19 1 15
19 1 15
19 1 16
19 1 17
29 0
21 4 1 3 14 15
21 4 0 2 16 17
4 1 1
17 3 0 4 8
21 4 3 5 18 19
21 4 4 6 20 21
21 4 5 7 22 23
14 2 6 8
15 4 3 7 9 10
14 1 8
17 3 8 11 24
21 4 10 12 25 26
21 4 11 13 27 28
4 1 12
19 1 0
19 1 0
19 1 1
19 1 1
19 1 4
19 1 4
19 1 5
19 1 5
19 1 6
19 1 6
19 1 10
19 1 11
19 1 11
19 1 12
19 1 12
28 0
14 1 1
15 4 0 2 4 6
14 2 1 3
21 4 2 19 20 21
14 2 1 5
21 4 4 22 23 24
14 2 1 7
21 3 6 8 10
21 3 7 9 25
4 1 8
21 3 7 11 17
21 3 10 12 26
21 3 11 13 14
4 1 12
21 3 12 15 16
4 1 14
21 3 14 17 27
21 3 10 16 18
4 1 17
19 1 3
19 1 3
19 1 3
19 1 5
19 1 5
19 1 5
19 1 8
19 1 11
19 1 16
39 0
21 3 1 5 20
21 3 0 2 23
21 3 1 3 16
21 3 2 4 24
21 3 3 5 13
21 3 0 4 6
17 3 5 7 10
21 4 6 8 25 26
21 4 7 9 27 28
21 4 8 29 30 31
21 4 6 11 32 33
21 4 10 12 34 35
21 4 11 36 37 38
17 3 4 14 15
14 1 13
14 1 13
21 4 2 17 18 19
18 1 16
18 1 16
18 1 16
17 3 0 21 22
14 1 20
14 1 20
19 1 1
19 1 3
19 1 7
19 1 7
19 1 8
19 1 8
19 1 9
19 1 9
19 1 9
19 1 10
19 1 10
19 1 11
19 1 11
19 1 12
19 1 12
19 1 12
36 0
21 4 1 9 17 21
21 3 0 2 8
21 3 1 3 22
21 3 2 4 23
21 3 3 5 7
14 2 4 6
21 4 5 24 25 26
21 3 4 8 27
21 3 1 7 28
21 3 0 10 16
21 3 9 11 29
21 3 10 12 30
21 3 11 13 15
14 2 12 14
21 4 13 31 32 33
21 3 12 16 34
21 3 9 15 35
21 4 0 18 19 20
4 1 17
4 1 17
4 1 17
19 1 0
19 1 2
19 1 3
19 1 6
19 1 6
19 1 6
19 1 7
19 1 8
19 1 10
19 1 11
19 1 14
19 1 14
19 1 14
19 1 15
19 1 16
17 0
21 3 1 6 10
21 3 0 2 11
21 3 1 3 12
21 3 2 4 13
21 3 3 5 6
17 3 4 14 15
21 3 0 4 7
21 3 6 8 9
14 2 7 16
14 1 7
19 1 0
19 1 1
19 1 2
19 1 3
19 1 5
19 1 5
19 1 8
27 0
21 4 1 11 21 22
21 3 0 2 9
21 3 1 3 4
4 1 2
21 3 2 5 6
4 1 4
21 3 4 7 23
21 3 6 8 9
4 1 7
21 3 1 7 10
14 2 9 24
21 3 0 12 19
21 3 11 13 14
4 1 12
21 3 12 15 16
4 1 14
21 3 14 17 25
21 3 16 18 19
4 1 17
21 3 11 17 20
14 2 19 26
19 1 0
19 1 0
19 1 6
19 1 10
19 1 16
19 1 20
30 0
13 4 1 2 3 10
14 1 0
14 1 0
17 3 0 4 17
21 3 3 5 6
14 1 4
17 3 4 7 18
21 4 6 8 19 20
21 4 7 9 21 22
21 4 8 23 24 25
21 3 0 11 16
21 3 10 12 26
21 3 11 13 27
21 3 12 14 15
4 1 13
21 3 13 16 28
21 3 10 15 29
19 1 3
19 1 6
19 1 7
19 1 7
19 1 8
19 1 8
19 1 9
19 1 9
19 1 9
19 1 11
19 1 12
19 1 15
19 1 16
21 0
21 3 1 2 3
17 3 0 11 12
13 1 0
21 3 0 4 10
21 3 3 5 13
21 3 4 6 14
17 2 5 7
21 3 6 8 10
21 4 7 9 15 16
21 4 8 17 18 19
21 3 3 7 20
19 1 1
19 1 1
19 1 4
19 1 5
19 1 8
19 1 8
19 1 9
19 1 9
19 1 9
19 1 10
14 0
21 3 1 2 3
17 3 0 9 10
14 1 0
21 3 0 4 8
17 2 3 5
21 3 4 6 11
21 3 5 7 12
17 2 6 8
21 3 3 7 13
19 1 1
19 1 1
19 1 5
19 1 6
19 1 8
42 0
21 3 1 5 22
21 3 0 2 23
21 3 1 3 9
21 3 2 4 24
21 3 3 5 25
21 3 0 4 6
21 3 5 7 8
21 4 6 26 27 28
14 1 6
13 4 2 10 11 12
14 1 9
14 1 9
17 3 9 13 29
21 3 12 14 15
14 1 13
17 3 13 16 30
21 4 15 17 21 31
21 4 16 18 32 33
21 4 17 19 34 35
21 4 18 20 36 37
21 4 19 21 38 39
21 4 16 20 40 41
19 1 0
19 1 1
19 1 3
19 1 4
19 1 7
19 1 7
19 1 7
19 1 12
19 1 15
19 1 16
19 1 17
19 1 17
19 1 18
19 1 18
19 1 19
19 1 19
19 1 20
19 1 20
19 1 21
19 1 21
42 0
13 4 1 2 3 14
14 1 0
14 1 0
17 3 0 4 21
21 3 3 5 6
14 1 4
17 3 4 7 22
17 3 6 8 13
21 4 7 9 23 24
21 4 8 10 25 26
21 4 9 11 27 28
21 4 10 12 29 30
21 4 11 13 31 32
21 4 7 12 33 34
21 3 0 15 20
21 3 14 16 35
21 3 15 17 36
21 3 16 18 19
21 4 17 37 38 39
21 3 17 20 40
21 3 14 19 41
19 1 3
19 1 6
19 1 8
19 1 8
19 1 9
19 1 9
19 1 10
19 1 10
19 1 11
19 1 11
19 1 12
19 1 12
19 1 13
19 1 13
19 1 15
19 1 16
19 1 18
19 1 18
19 1 18
19 1 19
19 1 20
40 0
17 3 1 10 16
21 3 0 2 3
13 1 1
17 3 1 4 17
21 4 3 5 9 18
21 4 4 6 19 20
21 4 5 7 21 22
21 4 6 8 23 24
21 4 7 9 25 26
21 4 4 8 27 28
21 4 0 11 15 29
21 4 10 12 30 31
21 4 11 13 32 33
21 4 12 14 34 35
21 4 13 15 36 37
21 4 10 14 38 39
19 1 0
19 1 3
19 1 4
19 1 5
19 1 5
19 1 6
19 1 6
19 1 7
19 1 7
19 1 8
19 1 8
19 1 9
19 1 9
19 1 10
19 1 11
19 1 11
19 1 12
19 1 12
19 1 13
19 1 13
19 1 14
19 1 14
19 1 15
19 1 15
102 0
21 3 1 2 16
14 1 0
21 4 0 3 52 53
21 3 2 4 8
21 3 3 5 54
21 3 4 6 55
21 3 5 7 9
21 3 6 8 56
21 3 3 7 57
17 3 6 10 13
21 4 9 11 58 59
21 4 10 12 60 61
4 1 11
21 4 9 14 62 63
21 4 13 15 64 65
4 1 14
14 2 0 17
21 4 16 18 33 66
21 4 17 19 67 68
21 4 18 20 69 70
21 4 19 21 33 71
21 4 20 22 30 72
21 4 21 23 73 74
21 4 22 24 75 76
21 3 23 25 29
21 3 24 26 77
21 3 25 27 35
21 3 26 28 78
21 3 27 29 79
21 3 24 28 30
21 4 21 29 31 80
21 4 30 32 81 82
21 4 31 33 83 84
21 4 17 20 32 34
21 4 33 85 86 87
14 2 26 36
21 3 35 37 38
14 1 36
21 4 36 39 88 89
21 3 38 40 44
21 3 39 41 90
21 3 40 42 91
21 3 41 43 45
21 3 42 44 92
21 3 39 43 93
17 3 42 46 49
21 4 45 47 94 95
21 4 46 48 96 97
4 1 47
21 4 45 50 98 99
21 4 49 51 100 101
4 1 50
19 1 2
19 1 2
19 1 4
19 1 5
19 1 7
19 1 8
19 1 10
19 1 10
19 1 11
19 1 11
19 1 13
19 1 13
19 1 14
19 1 14
19 1 17
19 1 18
19 1 18
19 1 19
19 1 19
19 1 20
19 1 21
19 1 22
19 1 22
19 1 23
19 1 23
19 1 25
19 1 27
19 1 28
19 1 30
19 1 31
19 1 31
19 1 32
19 1 32
19 1 34
19 1 34
19 1 34
19 1 38
19 1 38
19 1 40
19 1 41
19 1 43
19 1 44
19 1 46
19 1 46
19 1 47
19 1 47
19 1 49
19 1 49
19 1 50
19 1 50
103 0
21 4 1 44 45 46
21 4 0 2 23 27
21 4 1 3 47 48
21 4 2 4 49 50
21 4 3 5 22 51
14 2 4 6
21 3 5 7 8
14 1 6
21 4 6 9 52 53
21 3 8 10 14
21 3 9 11 54
21 3 10 12 55
21 3 11 13 15
21 3 12 14 56
21 3 9 13 57
17 3 12 16 19
21 4 15 17 58 59
21 4 16 18 60 61
4 1 17
21 4 15 20 62 63
21 4 19 21 64 65
4 1 20
21 4 4 23 66 67
21 3 1 22 24
21 3 23 25 68
21 4 24 26 69 70
21 4 25 27 35 71
21 4 1 26 28 72
21 4 27 29 73 74
21 4 28 30 75 76
21 4 29 31 32 35
21 4 30 77 78 79
21 4 30 33 36 80
21 4 32 34 81 82
21 4 33 35 83 84
21 4 26 30 34 85
21 4 32 37 38 86
21 4 36 87 88 89
21 4 36 39 90 91
21 4 38 40 92 93
21 4 39 41 94 95
21 4 40 42 43 96
21 4 41 97 98 99
21 4 41 100 101 102
19 1 0
19 1 0
19 1 0
19 1 2
19 1 2
19 1 3
19 1 3
19 1 4
19 1 8
19 1 8
19 1 10
19 1 11
19 1 13
19 1 14
19 1 16
19 1 16
19 1 17
19 1 17
19 1 19
19 1 19
19 1 20
19 1 20
19 1 22
19 1 22
19 1 24
19 1 25
19 1 25
19 1 26
19 1 27
19 1 28
19 1 28
19 1 29
19 1 29
19 1 31
19 1 31
19 1 31
19 1 32
19 1 33
19 1 33
19 1 34
19 1 34
19 1 35
19 1 36
19 1 37
19 1 37
19 1 37
19 1 38
19 1 38
19 1 39
19 1 39
19 1 40
19 1 40
19 1 41
19 1 42
19 1 42
19 1 42
19 1 43
19 1 43
19 1 43
14 0
17 3 1 2 3
14 1 0
14 1 0
21 3 0 4 12
21 3 3 5 6
4 1 4
21 3 4 7 8
4 1 6
21 3 6 9 10
4 1 8
21 3 8 11 12
4 1 10
21 3 3 10 13
4 1 12
20 0
14 1 1
17 3 0 2 3
14 1 1
21 3 1 4 12
21 3 3 5 13
21 3 4 6 14
21 3 5 7 15
21 3 6 8 12
21 3 7 9 16
21 3 8 10 17
21 3 9 11 18
21 3 10 12 19
21 3 3 7 11
19 1 4
19 1 5
19 1 6
19 1 8
19 1 9
19 1 10
19 1 11
8 0
21 4 1 2 3 4
21 4 0 5 6 7
4 1 0
4 1 0
19 1 0
19 1 1
19 1 1
19 1 1
8 0
21 4 1 2 3 4
4 1 0
4 1 0
4 1 0
21 4 0 5 6 7
4 1 4
4 1 4
4 1 4
27 0
14 1 1
21 3 0 2 3
14 2 1 15
21 4 1 4 5 16
17 3 3 17 18
21 4 3 6 19 20
21 3 5 7 14
21 3 6 8 21
17 3 7 9 22
21 3 8 10 14
21 3 9 11 23
21 3 10 12 24
21 3 11 13 25
21 3 12 14 26
21 3 6 9 13
19 1 2
19 1 3
19 1 4
19 1 4
19 1 5
19 1 5
19 1 7
19 1 8
19 1 10
19 1 11
19 1 12
19 1 13
9 0
21 3 1 2 4
21 3 0 5 6
21 4 0 3 7 8
4 1 2
19 1 0
19 1 1
19 1 1
19 1 2
19 1 2
8 0
4 1 1
21 4 0 2 3 5
4 1 1
21 4 1 4 6 7
4 1 3
19 1 1
19 1 3
19 1 3
30 0
21 4 1 2 17 18
21 4 0 19 20 21
21 3 0 3 9
17 2 2 4
21 3 3 5 6
17 3 4 22 23
17 2 4 7
21 3 6 8 9
17 3 7 24 25
21 3 2 7 10
21 3 9 11 16
21 3 10 12 26
21 3 11 13 27
21 3 12 14 15
4 1 13
21 3 13 16 28
21 3 10 15 29
19 1 0
19 1 0
19 1 1
19 1 1
19 1 1
19 1 5
19 1 5
19 1 8
19 1 8
19 1 11
19 1 12
19 1 15
19 1 16
35 0
21 4 1 11 19 20
21 4 0 2 3 21
21 4 1 22 23 24
17 3 1 4 10
21 4 3 5 25 26
21 3 4 6 7
14 1 5
17 3 5 8 27
21 3 7 9 10
14 1 8
21 4 3 8 28 29
17 3 0 12 18
21 4 11 13 30 31
21 3 12 14 15
14 1 13
17 3 13 16 32
21 3 15 17 18
14 1 16
21 4 11 16 33 34
19 1 0
19 1 0
19 1 1
19 1 2
19 1 2
19 1 2
19 1 4
19 1 4
19 1 7
19 1 10
19 1 10
19 1 12
19 1 12
19 1 15
19 1 18
19 1 18
26 0
17 3 1 7 14
21 3 0 2 6
21 3 1 3 15
21 3 2 4 16
21 3 3 5 17
21 3 4 6 18
21 3 1 5 19
21 3 0 8 13
21 3 7 9 20
21 3 8 10 21
21 3 9 11 12
17 3 10 22 23
21 3 10 13 24
21 3 7 12 25
19 1 0
19 1 2
19 1 3
19 1 4
19 1 5
19 1 6
19 1 8
19 1 9
19 1 11
19 1 11
19 1 12
19 1 13
23 0
21 4 1 11 12 13
17 3 0 2 3
21 4 1 14 15 16
17 3 1 4 17
21 3 3 5 6
14 1 4
21 4 4 7 18 19
21 4 6 8 20 21
21 3 7 9 10
14 2 8 22
14 1 8
19 1 0
19 1 0
19 1 0
19 1 2
19 1 2
19 1 2
19 1 3
19 1 6
19 1 6
19 1 7
19 1 7
19 1 9
29 0
21 4 1 2 9 16
14 2 0 20
21 3 0 3 8
21 3 2 4 21
21 3 3 5 22
21 3 4 6 7
4 1 5
21 3 5 8 23
21 3 2 7 24
21 3 0 10 15
21 3 9 11 25
21 3 10 12 26
21 3 11 13 14
4 1 12
21 3 12 15 27
21 3 9 14 28
21 4 0 17 18 19
4 1 16
4 1 16
4 1 16
19 1 1
19 1 3
19 1 4
19 1 7
19 1 8
19 1 10
19 1 11
19 1 14
19 1 15
29 0
14 2 1 21
21 3 0 2 7
21 3 1 3 22
21 3 2 4 23
21 3 3 5 6
4 1 4
21 3 4 7 24
21 3 1 6 8
21 3 7 9 10
14 1 8
17 3 8 11 25
21 3 10 12 16
21 3 11 13 26
21 3 12 14 27
21 3 13 15 18
21 3 14 16 28
21 3 11 15 17
4 1 16
17 3 14 19 20
14 1 18
14 1 18
19 1 0
19 1 2
19 1 3
19 1 6
19 1 10
19 1 12
19 1 13
19 1 15
38 0
21 3 1 2 8
21 4 0 22 23 24
21 3 0 3 4
4 1 2
21 3 2 5 6
14 1 4
14 2 4 7
21 3 6 8 12
21 3 0 7 9
21 3 8 10 25
21 3 9 11 26
21 3 10 12 13
21 3 7 11 27
14 2 11 14
15 4 13 15 16 19
13 1 14
14 2 14 17
21 4 16 18 28 29
21 4 17 30 31 32
14 2 14 20
21 4 19 21 33 34
21 4 20 35 36 37
19 1 1
19 1 1
19 1 1
19 1 9
19 1 10
19 1 12
19 1 17
19 1 17
19 1 18
19 1 18
19 1 18
19 1 20
19 1 20
19 1 21
19 1 21
19 1 21
31 0
21 4 1 2 3 11
21 4 0 12 13 14
21 4 0 15 16 17
21 4 0 4 9 18
21 4 3 5 19 20
21 4 4 6 21 22
21 4 5 7 8 23
21 4 6 24 25 26
21 4 6 9 27 28
21 4 3 8 10 29
14 2 9 30
19 1 0
19 1 1
19 1 1
19 1 1
19 1 2
19 1 2
19 1 2
19 1 3
19 1 4
19 1 4
19 1 5
19 1 5
19 1 6
19 1 7
19 1 7
19 1 7
19 1 8
19 1 8
19 1 9
19 1 10
26 0
21 3 1 5 16
21 3 0 2 17
21 3 1 3 9
21 3 2 4 18
21 3 3 5 19
21 3 0 4 6
17 3 5 7 8
21 4 6 20 21 22
21 4 6 23 24 25
17 2 2 10
17 2 9 11
13 4 10 12 13 14
14 1 11
14 1 11
14 2 11 15
7 1 14
19 1 0
19 1 1
19 1 3
19 1 4
19 1 7
19 1 7
19 1 7
19 1 8
19 1 8
19 1 8
13 0
14 1 1
13 4 0 2 3 6
14 1 1
21 4 1 4 7 8
21 3 3 5 9
21 3 4 6 10
21 4 1 5 11 12
19 1 3
19 1 3
19 1 4
19 1 5
19 1 6
19 1 6
31 0
13 1 1
15 4 0 2 4 6
14 2 1 3
21 4 2 16 17 18
14 2 1 5
21 4 4 19 20 21
14 2 1 7
21 3 6 8 15
21 3 7 9 22
21 3 8 10 23
21 3 9 11 13
13 2 10 12
21 4 11 24 25 26
21 3 10 14 15
21 4 13 27 28 29
21 3 7 13 30
19 1 3
19 1 3
19 1 3
19 1 5
19 1 5
19 1 5
19 1 8
19 1 9
19 1 12
19 1 12
19 1 12
19 1 14
19 1 14
19 1 14
19 1 15
21 0
17 3 1 9 16
21 3 0 2 8
17 2 1 3
21 3 2 4 5
4 1 3
17 2 3 6
21 3 5 7 8
4 1 6
17 2 1 6
21 3 0 10 14
21 3 9 11 17
21 3 10 12 18
21 3 11 13 19
21 3 12 14 20
21 3 9 13 15
4 1 14
19 1 0
19 1 10
19 1 11
19 1 12
19 1 13
19 0
21 3 1 7 11
21 3 0 2 12
21 3 1 3 13
21 3 2 4 5
21 4 3 14 15 16
21 3 3 6 7
17 3 5 17 18
21 3 0 5 8
17 3 7 9 10
14 1 8
14 1 8
19 1 0
19 1 1
19 1 2
19 1 4
19 1 4
19 1 4
19 1 6
19 1 6
19 0
21 3 1 9 13
21 3 0 2 14
21 3 1 3 15
21 3 2 4 7
21 3 3 5 6
14 1 4
14 2 4 16
21 3 3 8 9
17 3 7 17 18
21 3 0 7 10
17 3 9 11 12
14 1 10
14 1 10
19 1 0
19 1 1
19 1 2
19 1 6
19 1 8
19 1 8
5 0
21 4 1 2 3 4
20 1 0
20 1 0
20 1 0
19 1 0
28 0
21 3 1 2 6
17 3 0 14 15
21 3 0 3 16
21 3 2 4 10
21 3 3 5 17
21 3 4 6 18
21 3 0 5 7
14 2 6 8
21 4 7 9 19 20
21 4 8 21 22 23
17 3 3 11 24
21 3 10 12 13
21 4 11 25 26 27
14 1 11
19 1 1
19 1 1
19 1 2
19 1 4
19 1 5
19 1 8
19 1 8
19 1 9
19 1 9
19 1 9
19 1 10
19 1 12
19 1 12
19 1 12
16 0
21 3 1 7 9
21 3 0 2 10
21 3 1 3 4
17 3 2 11 12
21 3 2 5 13
21 3 4 6 7
4 1 5
21 3 0 5 8
17 3 7 14 15
19 1 0
19 1 1
19 1 3
19 1 3
19 1 4
19 1 8
19 1 8
18 0
14 1 1
17 3 0 2 3
14 1 1
21 3 1 4 13
21 3 3 5 6
4 1 4
21 3 4 7 8
4 1 6
21 3 6 9 11
14 2 8 10
21 4 9 15 16 17
21 3 8 12 13
4 1 11
21 3 3 11 14
4 1 13
19 1 10
19 1 10
19 1 10
17 0
14 1 1
17 3 0 2 3
14 1 1
21 3 1 4 11
21 3 3 5 12
21 3 4 6 13
21 3 5 7 10
17 2 6 8
21 3 7 9 14
17 3 8 10 15
21 3 6 9 11
21 3 3 10 16
19 1 4
19 1 5
19 1 8
19 1 9
19 1 11
54 0
21 4 1 12 24 25
14 2 0 2
21 4 1 3 26 27
21 4 2 4 28 29
14 2 3 5
21 4 4 6 30 31
21 4 5 7 32 33
14 2 6 8
21 4 7 9 34 35
21 4 8 10 36 37
21 4 9 11 38 39
21 4 10 40 41 42
21 3 0 13 20
21 3 12 14 43
21 3 13 15 18
14 2 14 16
21 4 15 17 44 45
14 2 16 18
21 3 14 17 19
21 3 18 20 46
21 3 12 19 21
21 4 20 22 47 48
21 4 21 23 49 50
21 4 22 51 52 53
19 1 0
19 1 0
19 1 2
19 1 2
19 1 3
19 1 3
19 1 5
19 1 5
19 1 6
19 1 6
19 1 8
19 1 8
19 1 9
19 1 9
19 1 10
19 1 10
19 1 11
19 1 11
19 1 11
19 1 13
19 1 16
19 1 16
19 1 19
19 1 21
19 1 21
19 1 22
19 1 22
19 1 23
19 1 23
19 1 23
24 0
21 3 1 5 14
21 3 0 2 15
21 3 1 3 10
21 3 2 4 16
21 3 3 5 17
21 3 0 4 6
21 3 5 7 8
14 1 6
14 2 6 9
21 4 8 18 19 20
21 3 2 11 12
14 1 10
14 2 10 13
21 4 12 21 22 23
19 1 0
19 1 1
19 1 3
19 1 4
19 1 9
19 1 9
19 1 9
19 1 13
19 1 13
19 1 13
22 0
21 3 1 5 13
21 3 0 2 14
21 3 1 3 15
21 3 2 4 16
21 3 3 5 17
21 3 0 4 6
14 2 5 7
21 3 6 8 12
21 3 7 9 18
21 3 8 10 19
21 3 9 11 20
21 3 10 12 21
21 3 7 11 13
14 2 0 12
19 1 1
19 1 2
19 1 3
19 1 4
19 1 8
19 1 9
19 1 10
19 1 11
22 0
21 3 1 6 15
21 3 0 2 16
21 3 1 3 4
4 1 2
21 3 2 5 17
21 3 4 6 18
21 3 0 5 7
14 2 6 8
21 3 7 9 14
21 3 8 10 19
21 3 9 11 12
4 1 10
21 3 10 13 20
21 3 12 14 21
21 3 8 13 15
14 2 0 14
19 1 1
19 1 4
19 1 5
19 1 9
19 1 12
19 1 13
50 0
21 4 1 13 22 23
21 4 0 2 3 24
21 4 1 25 26 27
13 3 1 4 5
14 1 3
21 4 3 6 28 29
21 4 5 7 30 31
21 4 6 8 32 33
21 4 7 9 34 35
21 4 8 10 36 37
21 4 9 11 38 39
21 4 10 12 40 41
21 4 11 42 43 44
21 3 0 14 21
21 3 13 15 45
21 3 14 16 46
21 3 15 17 20
14 2 16 18
21 4 17 19 47 48
14 2 18 20
21 3 16 19 21
21 3 13 20 49
19 1 0
19 1 0
19 1 1
19 1 2
19 1 2
19 1 2
19 1 5
19 1 5
19 1 6
19 1 6
19 1 7
19 1 7
19 1 8
19 1 8
19 1 9
19 1 9
19 1 10
19 1 10
19 1 11
19 1 11
19 1 12
19 1 12
19 1 12
19 1 14
19 1 15
19 1 18
19 1 18
19 1 21
50 0
21 4 1 14 24 25
21 4 0 2 26 27
14 2 1 3
21 4 2 4 13 28
13 2 3 5
15 4 4 6 7 10
13 1 5
14 2 5 8
21 4 7 9 29 30
21 4 8 31 32 33
14 2 5 11
21 4 10 12 34 35
21 4 11 36 37 38
21 4 3 14 15 39
14 2 0 13
13 2 13 16
15 4 15 17 18 21
13 1 16
14 2 16 19
21 4 18 20 40 41
21 4 19 42 43 44
14 2 16 22
21 4 21 23 45 46
21 4 22 47 48 49
19 1 0
19 1 0
19 1 1
19 1 1
19 1 3
19 1 8
19 1 8
19 1 9
19 1 9
19 1 9
19 1 11
19 1 11
19 1 12
19 1 12
19 1 12
19 1 13
19 1 19
19 1 19
19 1 20
19 1 20
19 1 20
19 1 22
19 1 22
19 1 23
19 1 23
19 1 23
19 0
21 3 1 7 9
21 3 0 2 10
21 3 1 3 4
17 3 2 11 12
21 3 2 5 13
21 3 4 6 7
21 4 5 14 15 16
21 3 0 5 8
17 3 7 17 18
19 1 0
19 1 1
19 1 3
19 1 3
19 1 4
19 1 6
19 1 6
19 1 6
19 1 8
19 1 8
17 0
21 3 1 2 4
13 1 0
17 3 0 3 7
21 4 2 8 9 10
17 3 0 5 6
21 4 4 11 12 13
21 4 4 14 15 16
19 1 2
19 1 3
19 1 3
19 1 3
19 1 5
19 1 5
19 1 5
19 1 6
19 1 6
19 1 6
28 0
21 4 1 8 15 19
21 3 0 2 7
21 3 1 3 20
21 3 2 4 21
21 3 3 5 6
4 1 4
21 3 4 7 22
21 3 1 6 23
21 3 0 9 14
21 3 8 10 24
21 3 9 11 25
21 3 10 12 13
4 1 11
21 3 11 14 26
21 3 8 13 27
21 4 0 16 17 18
4 1 15
4 1 15
4 1 15
19 1 0
19 1 2
19 1 3
19 1 6
19 1 7
19 1 9
19 1 10
19 1 13
19 1 14
28 0
4 1 1
21 4 0 2 3 18
4 1 1
21 4 1 4 11 19
21 3 3 5 10
21 3 4 6 20
21 3 5 7 21
21 3 6 8 9
4 1 7
21 3 7 10 22
21 3 4 9 23
21 3 3 12 17
21 3 11 13 24
21 3 12 14 25
21 3 13 15 16
4 1 14
21 3 14 17 26
21 3 11 16 27
19 1 1
19 1 3
19 1 5
19 1 6
19 1 9
19 1 10
19 1 12
19 1 13
19 1 16
19 1 17
14 0
17 3 1 5 8
17 3 0 2 9
21 3 1 3 4
17 3 2 10 11
13 1 2
21 3 0 6 7
17 3 5 12 13
13 1 5
19 1 0
19 1 1
19 1 3
19 1 3
19 1 6
19 1 6
28 0
21 3 1 8 16
21 3 0 2 12
21 3 1 3 17
21 3 2 4 18
21 3 3 5 8
14 2 4 6
21 4 5 7 19 20
21 4 6 21 22 23
21 3 0 4 9
17 3 8 10 11
14 1 9
14 1 9
17 3 1 13 24
21 3 12 14 15
14 1 13
21 4 13 25 26 27
19 1 0
19 1 2
19 1 3
19 1 6
19 1 6
19 1 7
19 1 7
19 1 7
19 1 12
19 1 15
19 1 15
19 1 15
38 0
14 1 1
21 3 0 2 23
21 3 1 3 7
21 3 2 4 26
21 3 3 5 27
21 3 4 6 28
21 3 5 7 29
21 3 2 6 8
21 3 7 9 24
21 3 8 10 30
21 3 9 11 31
21 3 10 12 25
21 3 11 13 14
14 1 12
21 3 12 15 19
21 3 14 16 32
21 3 15 17 33
21 3 16 18 34
21 3 17 19 35
21 3 14 18 20
21 3 19 21 25
21 3 20 22 36
21 3 21 23 37
21 3 1 22 24
21 3 8 23 25
21 3 11 20 24
19 1 3
19 1 4
19 1 5
19 1 6
19 1 9
19 1 10
19 1 15
19 1 16
19 1 17
19 1 18
19 1 21
19 1 22
38 0
21 4 1 7 14 19
21 4 0 2 20 21
21 3 1 3 4
14 1 2
14 2 2 5
21 4 4 6 22 23
21 4 5 24 25 26
13 2 0 8
15 4 7 9 10 12
14 1 8
14 2 8 11
21 4 10 27 28 29
14 2 8 13
21 4 12 30 31 32
21 3 0 15 16
14 1 14
14 2 14 17
21 4 16 18 33 34
21 4 17 35 36 37
19 1 0
19 1 1
19 1 1
19 1 5
19 1 5
19 1 6
19 1 6
19 1 6
19 1 11
19 1 11
19 1 11
19 1 13
19 1 13
19 1 13
19 1 17
19 1 17
19 1 18
19 1 18
19 1 18
26 0
21 4 1 2 3 5
21 4 0 12 13 14
21 4 0 15 16 17
13 2 0 4
21 4 3 18 19 20
21 3 0 6 21
17 2 5 7
14 2 6 8
21 3 7 9 10
14 1 8
17 3 8 11 22
21 4 10 23 24 25
19 1 1
19 1 1
19 1 1
19 1 2
19 1 2
19 1 2
19 1 4
19 1 4
19 1 4
19 1 5
19 1 10
19 1 11
19 1 11
19 1 11
40 0
14 2 1 11
21 3 0 2 7
21 3 1 3 19
21 3 2 4 5
21 4 3 20 21 22
17 2 3 6
21 3 5 7 8
17 2 1 6
21 4 6 9 10 23
21 4 8 24 25 26
21 4 8 27 28 29
15 4 0 12 13 16
13 1 11
14 2 11 14
21 4 13 15 30 31
21 4 14 32 33 34
14 2 11 17
21 4 16 18 35 36
21 4 17 37 38 39
19 1 2
19 1 4
19 1 4
19 1 4
19 1 8
19 1 9
19 1 9
19 1 9
19 1 10
19 1 10
19 1 10
19 1 14
19 1 14
19 1 15
19 1 15
19 1 15
19 1 17
19 1 17
19 1 18
19 1 18
19 1 18
31 0
13 4 1 2 3 11
14 1 0
14 1 0
17 3 0 4 18
21 3 3 5 10
21 3 4 6 7
21 4 5 19 20 21
21 3 5 8 9
21 4 7 22 23 24
17 2 7 10
14 2 4 9
21 3 0 12 17
21 3 11 13 25
21 3 12 14 26
21 3 13 15 16
17 3 14 27 28
21 3 14 17 29
21 3 11 16 30
19 1 3
19 1 6
19 1 6
19 1 6
19 1 8
19 1 8
19 1 8
19 1 12
19 1 13
19 1 15
19 1 15
19 1 16
19 1 17
36 0
9 4 1 2 8 14
14 2 0 20
21 3 0 3 7
21 3 2 4 21
21 3 3 5 22
21 3 4 6 23
21 3 5 7 24
21 3 2 6 25
21 3 0 9 13
21 3 8 10 26
21 3 9 11 27
21 3 10 12 28
21 3 11 13 29
21 3 8 12 30
21 3 0 15 19
21 3 14 16 31
21 3 15 17 32
21 3 16 18 33
21 3 17 19 34
21 3 14 18 35
19 1 1
19 1 3
19 1 4
19 1 5
19 1 6
19 1 7
19 1 9
19 1 10
19 1 11
19 1 12
19 1 13
19 1 15
19 1 16
19 1 17
19 1 18
19 1 19
23 0
14 1 1
21 3 0 2 6
21 4 1 3 13 14
21 3 2 4 5
21 4 3 15 16 17
17 2 3 6
17 3 1 5 7
21 3 6 8 12
21 3 7 9 18
21 3 8 10 19
21 3 9 11 20
21 3 10 12 21
21 3 7 11 22
19 1 2
19 1 2
19 1 4
19 1 4
19 1 4
19 1 8
19 1 9
19 1 10
19 1 11
19 1 12
22 0
17 3 1 12 13
21 3 0 2 11
21 3 1 3 14
21 3 2 4 15
21 3 3 5 16
21 3 4 6 11
21 3 5 7 8
17 3 6 17 18
21 3 6 9 19
21 3 8 10 20
21 3 9 11 21
21 3 1 5 10
19 1 0
19 1 0
19 1 2
19 1 3
19 1 4
19 1 7
19 1 7
19 1 8
19 1 9
19 1 10
17 0
21 3 1 7 9
21 3 0 2 10
21 3 1 3 4
21 4 2 11 12 13
21 3 2 5 6
4 1 4
21 3 4 7 14
21 3 0 6 8
17 3 7 15 16
19 1 0
19 1 1
19 1 3
19 1 3
19 1 3
19 1 6
19 1 8
19 1 8
22 0
21 3 1 4 14
21 3 0 2 11
13 2 1 3
21 3 2 4 5
17 2 0 3
17 3 3 6 15
21 3 5 7 8
14 1 6
17 3 6 9 16
21 4 8 10 17 18
21 4 9 19 20 21
17 3 1 12 13
14 1 11
14 1 11
19 1 0
19 1 5
19 1 8
19 1 9
19 1 9
19 1 10
19 1 10
19 1 10
34 0
14 1 1
21 3 0 2 4
17 3 1 3 16
21 4 2 17 18 19
14 2 1 5
21 3 4 6 15
21 3 5 7 20
21 3 6 8 9
21 4 7 21 22 23
21 3 7 10 13
17 3 9 11 12
21 4 10 24 25 26
21 4 10 27 28 29
21 3 9 14 15
21 4 13 30 31 32
21 3 5 13 33
19 1 2
19 1 3
19 1 3
19 1 3
19 1 6
19 1 8
19 1 8
19 1 8
19 1 11
19 1 11
19 1 11
19 1 12
19 1 12
19 1 12
19 1 14
19 1 14
19 1 14
19 1 15
18 0
17 3 1 4 10
21 3 0 2 3
17 3 1 11 12
13 1 1
21 3 0 5 9
21 3 4 6 13
21 3 5 7 14
21 3 6 8 15
21 3 7 9 16
21 3 4 8 17
19 1 0
19 1 2
19 1 2
19 1 5
19 1 6
19 1 7
19 1 8
19 1 9
40 0
21 4 1 2 3 4
21 4 0 16 17 18
21 4 0 19 20 21
21 4 0 22 23 24
21 3 0 5 10
21 3 4 6 25
21 3 5 7 8
21 4 6 26 27 28
21 3 6 9 29
21 3 8 10 12
21 3 4 9 11
14 2 10 30
21 4 9 13 14 15
21 4 12 31 32 33
21 4 12 34 35 36
21 4 12 37 38 39
19 1 1
19 1 1
19 1 1
19 1 2
19 1 2
19 1 2
19 1 3
19 1 3
19 1 3
19 1 5
19 1 7
19 1 7
19 1 7
19 1 8
19 1 11
19 1 13
19 1 13
19 1 13
19 1 14
19 1 14
19 1 14
19 1 15
19 1 15
19 1 15
25 0
17 3 1 2 3
21 4 0 13 14 15
21 4 0 16 17 18
21 3 0 4 5
13 1 3
13 2 3 6
8 2 5 7
13 2 6 8
21 3 7 9 10
13 1 8
17 3 8 11 12
21 4 10 19 20 21
21 4 10 22 23 24
19 1 1
19 1 1
19 1 1
19 1 2
19 1 2
19 1 2
19 1 11
19 1 11
19 1 11
19 1 12
19 1 12
19 1 12
40 0
21 4 1 2 3 20
4 1 0
4 1 0
21 4 0 4 12 21
21 3 3 5 11
21 3 4 6 22
21 3 5 7 23
21 3 6 8 10
21 4 7 9 24 25
21 4 8 26 27 28
21 3 7 11 29
21 3 4 10 30
21 3 3 13 19
21 3 12 14 31
21 3 13 15 32
21 3 14 16 18
21 4 15 17 33 34
21 4 16 35 36 37
21 3 15 19 38
21 3 12 18 39
19 1 0
19 1 3
19 1 5
19 1 6
19 1 8
19 1 8
19 1 9
19 1 9
19 1 9
19 1 10
19 1 11
19 1 13
19 1 14
19 1 16
19 1 16
19 1 17
19 1 17
19 1 17
19 1 18
19 1 19
26 0
13 1 1
15 4 0 2 4 6
14 2 1 3
21 4 2 16 17 18
14 2 1 5
21 4 4 19 20 21
14 2 1 7
21 3 6 8 12
21 3 7 9 22
21 3 8 10 23
21 3 9 11 13
21 3 10 12 24
21 3 7 11 25
17 3 10 14 15
14 1 13
14 1 13
19 1 3
19 1 3
19 1 3
19 1 5
19 1 5
19 1 5
19 1 8
19 1 9
19 1 11
19 1 12
20 0
21 4 1 3 7 8
21 4 0 2 9 10
4 1 1
17 4 0 4 5 6
21 4 3 11 12 13
21 4 3 14 15 16
21 4 3 17 18 19
19 1 0
19 1 0
19 1 1
19 1 1
19 1 4
19 1 4
19 1 4
19 1 5
19 1 5
19 1 5
19 1 6
19 1 6
19 1 6
15 0
21 3 1 10 11
21 3 0 2 12
21 3 1 3 13
21 3 2 4 9
21 3 3 5 6
14 1 4
14 2 4 7
21 3 6 8 9
14 1 7
21 3 3 7 10
21 3 0 9 14
19 1 0
19 1 1
19 1 2
19 1 10
20 0
21 3 1 2 3
17 3 0 12 13
14 1 0
21 3 0 4 8
21 3 3 5 14
21 3 4 6 15
21 3 5 7 16
21 3 6 8 17
21 3 3 7 9
21 3 8 10 11
17 3 9 18 19
14 1 9
19 1 1
19 1 1
19 1 4
19 1 5
19 1 6
19 1 7
19 1 10
19 1 10
4 0
17 1 1
21 2 0 2
17 2 1 3
3 1 2
17 0
21 4 1 9 10 11
21 3 0 2 7
21 3 1 3 12
21 3 2 4 5
4 1 3
21 3 3 6 13
21 3 5 7 14
21 3 1 6 8
17 3 7 15 16
19 1 0
19 1 0
19 1 0
19 1 2
19 1 5
19 1 6
19 1 8
19 1 8
36 0
17 3 1 3 5
21 4 0 2 16 17
21 4 1 18 19 20
21 4 0 4 21 22
21 4 3 23 24 25
21 3 0 6 7
13 1 5
13 2 5 8
13 2 7 9
21 3 8 10 11
13 1 9
17 3 9 12 14
21 4 11 13 26 27
21 4 12 28 29 30
21 4 11 15 31 32
21 4 14 33 34 35
19 1 1
19 1 1
19 1 2
19 1 2
19 1 2
19 1 3
19 1 3
19 1 4
19 1 4
19 1 4
19 1 12
19 1 12
19 1 13
19 1 13
19 1 13
19 1 14
19 1 14
19 1 15
19 1 15
19 1 15
28 0
21 3 1 5 9
21 3 0 2 14
21 3 1 3 15
21 3 2 4 16
21 3 3 5 17
21 3 0 4 6
21 3 5 7 18
21 3 6 8 19
21 3 7 9 20
21 3 0 8 10
17 3 9 11 21
21 4 10 12 22 23
21 4 11 13 24 25
17 3 12 26 27
19 1 1
19 1 2
19 1 3
19 1 4
19 1 6
19 1 7
19 1 8
19 1 10
19 1 11
19 1 11
19 1 12
19 1 12
19 1 13
19 1 13
18 0
21 3 1 6 11
21 3 0 2 12
21 3 1 3 4
17 3 2 13 14
21 3 2 5 8
21 3 4 6 15
21 3 0 5 7
17 3 6 16 17
17 3 4 9 10
14 1 8
14 1 8
19 1 0
19 1 1
19 1 3
19 1 3
19 1 5
19 1 7
19 1 7
22 0
21 3 1 7 11
21 3 0 2 12
21 3 1 3 5
14 2 2 4
21 4 3 13 14 15
21 3 2 6 16
21 3 5 7 9
21 3 0 6 8
17 3 7 17 18
14 2 6 10
21 4 9 19 20 21
19 1 0
19 1 1
19 1 4
19 1 4
19 1 4
19 1 5
19 1 8
19 1 8
19 1 10
19 1 10
19 1 10
19 0
17 3 1 3 5
21 4 0 2 9 10
21 4 1 11 12 13
21 4 0 4 14 15
21 4 3 16 17 18
21 3 0 6 7
13 1 5
13 2 5 8
7 1 7
19 1 1
19 1 1
19 1 2
19 1 2
19 1 2
19 1 3
19 1 3
19 1 4
19 1 4
19 1 4
25 0
21 4 1 2 4 6
2 1 0
21 4 0 3 12 13
21 4 2 14 15 16
21 4 0 5 17 18
21 4 4 19 20 21
21 3 0 7 8
14 1 6
17 3 6 9 22
21 3 8 10 11
17 3 9 23 24
14 1 9
19 1 2
19 1 2
19 1 3
19 1 3
19 1 3
19 1 4
19 1 4
19 1 5
19 1 5
19 1 5
19 1 8
19 1 10
19 1 10
16 0
21 3 1 6 8
21 3 0 2 9
21 3 1 3 4
17 3 2 10 11
21 3 2 5 12
21 3 4 6 13
21 3 0 5 7
17 3 6 14 15
19 1 0
19 1 1
19 1 3
19 1 3
19 1 4
19 1 5
19 1 7
19 1 7
67 0
21 4 1 6 27 28
21 4 0 2 29 30
21 4 1 3 4 11
21 4 2 31 32 33
21 4 2 5 8 34
21 4 4 6 35 36
21 4 0 5 7 37
14 2 6 38
21 4 4 9 39 40
21 4 8 10 41 42
21 4 9 11 19 43
21 4 2 10 12 44
21 4 11 13 45 46
21 4 12 14 47 48
21 4 13 15 16 19
21 4 14 49 50 51
21 4 14 17 20 52
21 4 16 18 53 54
21 4 17 19 55 56
21 4 10 14 18 57
21 4 16 21 22 58
21 4 20 59 60 61
21 4 20 23 62 63
21 4 22 24 64 65
21 3 23 25 26
14 2 24 66
14 1 24
19 1 0
19 1 0
19 1 1
19 1 1
19 1 3
19 1 3
19 1 3
19 1 4
19 1 5
19 1 5
19 1 6
19 1 7
19 1 8
19 1 8
19 1 9
19 1 9
19 1 10
19 1 11
19 1 12
19 1 12
19 1 13
19 1 13
19 1 15
19 1 15
19 1 15
19 1 16
19 1 17
19 1 17
19 1 18
19 1 18
19 1 19
19 1 20
19 1 21
19 1 21
19 1 21
19 1 22
19 1 22
19 1 23
19 1 23
19 1 25
24 0
17 3 1 4 14
21 3 0 2 3
21 4 1 15 16 17
14 1 1
21 3 0 5 9
21 3 4 6 18
21 3 5 7 19
21 3 6 8 10
21 3 7 9 20
21 3 4 8 21
21 3 7 11 12
14 1 10
21 4 10 13 22 23
4 1 12
19 1 0
19 1 2
19 1 2
19 1 2
19 1 5
19 1 6
19 1 8
19 1 9
19 1 12
19 1 12
14 0
21 4 1 2 8 9
4 1 0
21 3 0 3 7
21 3 2 4 10
21 3 3 5 11
21 3 4 6 12
21 3 5 7 13
17 2 2 6
19 1 0
19 1 0
19 1 3
19 1 4
19 1 5
19 1 6
16 0
17 2 1 2
14 2 0 10
21 3 0 3 9
21 3 2 4 11
21 3 3 5 12
21 3 4 6 8
17 2 5 7
14 2 6 13
21 3 5 9 14
21 3 2 8 15
19 1 1
19 1 3
19 1 4
19 1 7
19 1 8
19 1 9
18 0
14 1 1
17 3 0 2 3
14 1 1
21 3 1 4 10
21 3 3 5 11
21 3 4 6 12
21 3 5 7 8
17 3 6 13 14
21 3 6 9 10
17 3 8 15 16
21 3 3 8 17
19 1 4
19 1 5
19 1 7
19 1 7
19 1 9
19 1 9
19 1 10
41 0
9 4 1 5 9 13
21 4 0 2 17 18
21 4 1 3 19 20
21 4 2 4 21 22
21 4 3 23 24 25
21 4 0 6 26 27
21 4 5 7 28 29
21 4 6 8 30 31
21 4 7 32 33 34
14 2 0 10
21 3 9 11 12
21 4 10 35 36 37
14 1 10
14 2 0 14
21 3 13 15 16
21 4 14 38 39 40
14 1 14
19 1 1
19 1 1
19 1 2
19 1 2
19 1 3
19 1 3
19 1 4
19 1 4
19 1 4
19 1 5
19 1 5
19 1 6
19 1 6
19 1 7
19 1 7
19 1 8
19 1 8
19 1 8
19 1 11
19 1 11
19 1 11
19 1 15
19 1 15
19 1 15
25 0
21 3 1 7 18
21 3 0 2 19
21 3 1 3 4
4 1 2
21 3 2 5 20
21 3 4 6 7
4 1 5
21 3 0 5 8
14 2 7 9
21 3 8 10 14
21 3 9 11 21
21 3 10 12 22
21 3 11 13 15
21 3 12 14 23
21 3 9 13 24
17 3 12 16 17
14 1 15
14 1 15
19 1 0
19 1 1
19 1 4
19 1 10
19 1 11
19 1 13
19 1 14
16 0
21 3 1 5 8
21 3 0 2 9
21 3 1 3 10
21 3 2 4 11
21 3 3 5 12
21 3 0 4 6
21 3 5 7 13
21 3 6 14 15
19 1 0
19 1 1
19 1 2
19 1 3
19 1 4
19 1 6
19 1 7
19 1 7
17 0
17 3 1 9 10
21 3 0 2 7
21 3 1 3 11
21 3 2 4 5
4 1 3
21 3 3 6 12
21 3 5 7 13
21 3 1 6 8
21 4 7 14 15 16
19 1 0
19 1 0
19 1 2
19 1 5
19 1 6
19 1 8
19 1 8
19 1 8
21 0
14 2 1 5
21 4 0 2 3 9
21 4 1 10 11 12
21 4 1 4 13 14
4 1 3
21 4 0 6 7 15
21 4 5 16 17 18
21 4 5 8 19 20
4 1 7
19 1 1
19 1 2
19 1 2
19 1 2
19 1 3
19 1 3
19 1 5
19 1 6
19 1 6
19 1 6
19 1 7
19 1 7
38 0
21 4 1 7 14 19
21 4 0 2 20 21
21 3 1 3 4
14 1 2
14 2 2 5
21 4 4 6 22 23
21 4 5 24 25 26
13 2 0 8
15 4 7 9 10 12
13 1 8
14 2 8 11
21 4 10 27 28 29
14 2 8 13
21 4 12 30 31 32
21 3 0 15 16
14 1 14
14 2 14 17
21 4 16 18 33 34
21 4 17 35 36 37
19 1 0
19 1 1
19 1 1
19 1 5
19 1 5
19 1 6
19 1 6
19 1 6
19 1 11
19 1 11
19 1 11
19 1 13
19 1 13
19 1 13
19 1 17
19 1 17
19 1 18
19 1 18
19 1 18
27 0
14 1 1
21 3 0 2 13
17 3 1 3 16
21 3 2 4 8
21 3 3 5 17
21 3 4 6 18
21 3 5 7 19
21 3 6 8 9
21 3 3 7 20
21 4 7 10 11 12
18 1 9
18 1 9
18 1 9
17 3 1 14 15
21 4 13 21 22 23
21 4 13 24 25 26
19 1 2
19 1 4
19 1 5
19 1 6
19 1 8
19 1 14
19 1 14
19 1 14
19 1 15
19 1 15
19 1 15
19 0
21 3 1 2 7
17 3 0 9 10
21 3 0 3 11
21 3 2 4 12
21 3 3 5 13
21 3 4 6 7
17 3 5 14 15
21 3 0 5 8
21 4 7 16 17 18
19 1 1
19 1 1
19 1 2
19 1 3
19 1 4
19 1 6
19 1 6
19 1 8
19 1 8
19 1 8
13 0
21 3 1 5 7
21 3 0 2 8
21 3 1 3 9
21 3 2 4 10
21 3 3 5 6
21 3 0 4 11
14 2 4 12
19 1 0
19 1 1
19 1 2
19 1 3
19 1 5
19 1 6
28 0
21 3 1 5 16
21 3 0 2 17
21 3 1 3 18
21 3 2 4 19
21 3 3 5 6
21 3 0 4 20
21 4 4 7 8 21
14 2 6 22
21 3 6 9 10
14 1 8
21 3 8 11 15
21 3 10 12 23
21 3 11 13 24
21 3 12 14 25
21 3 13 15 26
21 3 10 14 27
19 1 0
19 1 1
19 1 2
19 1 3
19 1 5
19 1 6
19 1 7
19 1 11
19 1 12
19 1 13
19 1 14
19 1 15
39 0
17 2 1 18
17 2 0 2
21 3 1 3 12
21 3 2 4 5
14 2 3 29
21 3 3 6 30
21 3 5 7 31
21 3 6 8 12
21 3 7 9 32
21 3 8 10 13
21 3 9 11 33
21 3 10 12 34
21 3 2 7 11
13 4 9 14 15 16
14 1 13
14 1 13
14 2 13 17
7 1 16
21 3 0 19 23
21 3 18 20 35
21 3 19 21 36
21 3 20 22 24
21 3 21 23 37
21 3 18 22 38
13 4 21 25 26 27
14 1 24
14 1 24
14 2 24 28
7 1 27
19 1 4
19 1 5
19 1 6
19 1 8
19 1 10
19 1 11
19 1 19
19 1 20
19 1 22
19 1 23
39 0
21 3 1 5 29
21 3 0 2 30
21 3 1 3 31
21 3 2 4 32
21 3 3 5 6
21 3 0 4 33
17 2 4 7
17 2 6 8
21 3 7 9 18
21 3 8 10 11
14 2 9 34
21 3 9 12 35
21 3 11 13 36
21 3 12 14 18
21 3 13 15 37
21 3 14 16 24
21 3 15 17 38
21 3 16 18 19
21 3 8 13 17
13 4 17 20 21 22
14 1 19
14 1 19
14 2 19 23
7 1 22
13 4 15 25 26 27
14 1 24
14 1 24
14 2 24 28
7 1 27
19 1 0
19 1 1
19 1 2
19 1 3
19 1 5
19 1 10
19 1 11
19 1 12
19 1 14
19 1 16
68 0
14 2 1 9
21 4 0 2 26 27
21 4 1 3 5 28
21 4 2 4 29 30
21 4 3 31 32 33
21 4 2 6 34 35
21 4 5 7 36 37
21 4 6 8 38 39
21 4 7 40 41 42
21 3 0 10 11
14 1 9
21 4 9 12 43 44
21 4 11 13 45 46
21 4 12 14 47 48
21 4 13 15 49 50
21 3 14 16 17
14 1 15
14 2 15 18
21 4 17 19 51 52
21 4 18 20 22 53
21 4 19 21 54 55
21 4 20 56 57 58
21 4 19 23 59 60
21 4 22 24 61 62
21 4 23 25 63 64
21 4 24 65 66 67
19 1 1
19 1 1
19 1 2
19 1 3
19 1 3
19 1 4
19 1 4
19 1 4
19 1 5
19 1 5
19 1 6
19 1 6
19 1 7
19 1 7
19 1 8
19 1 8
19 1 8
19 1 11
19 1 11
19 1 12
19 1 12
19 1 13
19 1 13
19 1 14
19 1 14
19 1 18
19 1 18
19 1 19
19 1 20
19 1 20
19 1 21
19 1 21
19 1 21
19 1 22
19 1 22
19 1 23
19 1 23
19 1 24
19 1 24
19 1 25
19 1 25
19 1 25
19 0
14 1 1
21 3 0 2 7
21 4 1 3 8 9
21 4 2 4 10 11
21 4 3 5 12 13
21 4 4 6 14 15
21 4 5 7 16 17
17 3 1 6 18
19 1 2
19 1 2
19 1 3
19 1 3
19 1 4
19 1 4
19 1 5
19 1 5
19 1 6
19 1 6
19 1 7
16 0
17 3 1 10 11
21 3 0 2 8
21 3 1 3 4
4 1 2
21 3 2 5 12
21 3 4 6 7
17 3 5 13 14
21 3 5 8 15
21 3 1 7 9
4 1 8
19 1 0
19 1 0
19 1 4
19 1 6
19 1 6
19 1 7
45 0
21 3 1 27 28
21 3 0 2 33
21 3 1 3 34
21 3 2 4 22
17 2 3 5
17 2 4 6
21 3 5 7 15
21 3 6 8 35
21 3 7 9 17
21 3 8 10 14
21 3 9 11 36
21 3 10 12 37
21 3 11 13 38
21 3 12 14 39
21 3 9 13 15
21 3 6 14 16
14 2 15 40
13 4 8 18 19 20
14 1 17
14 1 17
14 2 17 21
7 1 20
21 3 3 23 27
21 3 22 24 41
21 3 23 25 42
21 3 24 26 43
21 3 25 27 44
21 3 0 22 26
13 4 0 29 30 31
14 1 28
14 1 28
14 2 28 32
7 1 31
19 1 1
19 1 2
19 1 7
19 1 10
19 1 11
19 1 12
19 1 13
19 1 16
19 1 23
19 1 24
19 1 25
19 1 26
24 0
21 3 1 8 12
21 3 0 2 13
21 3 1 3 6
21 4 2 4 14 15
21 3 3 5 16
21 3 4 17 18
21 3 2 7 19
21 3 6 8 10
21 3 0 7 9
14 2 8 20
14 2 7 11
21 4 10 21 22 23
19 1 0
19 1 1
19 1 3
19 1 3
19 1 4
19 1 5
19 1 5
19 1 6
19 1 9
19 1 11
19 1 11
19 1 11
6 0
21 3 1 2 3
21 3 0 4 5
4 1 0
4 1 0
19 1 1
19 1 1
24 0
21 3 1 5 6
21 3 0 2 13
21 3 1 3 14
21 3 2 4 15
21 3 3 5 16
21 3 0 4 17
21 3 0 7 11
21 3 6 8 18
21 3 7 9 19
21 3 8 10 20
21 3 9 11 21
21 3 6 10 12
17 3 11 22 23
19 1 1
19 1 2
19 1 3
19 1 4
19 1 5
19 1 7
19 1 8
19 1 9
19 1 10
19 1 12
19 1 12
45 0
21 3 1 21 23
21 3 0 2 3
14 2 1 24
21 3 1 4 25
21 3 3 5 20
21 3 4 6 26
21 3 5 7 27
21 4 6 8 28 29
21 4 7 9 30 31
21 4 8 10 32 33
21 3 9 11 12
14 1 10
21 4 10 13 34 35
21 4 12 14 36 37
21 4 13 15 38 39
21 4 14 16 17 40
21 4 15 41 42 43
14 2 15 18
21 3 17 19 20
14 1 18
21 3 4 18 21
21 3 0 20 22
14 2 21 44
19 1 0
19 1 2
19 1 3
19 1 5
19 1 6
19 1 7
19 1 7
19 1 8
19 1 8
19 1 9
19 1 9
19 1 12
19 1 12
19 1 13
19 1 13
19 1 14
19 1 14
19 1 15
19 1 16
19 1 16
19 1 16
19 1 22
26 0
21 4 1 2 6 12
14 2 0 13
21 4 0 3 4 14
14 2 2 15
21 4 2 5 16 17
14 2 4 18
21 4 0 7 8 19
14 2 6 20
21 4 6 9 10 21
14 2 8 22
21 4 8 11 23 24
14 2 10 25
19 1 0
19 1 1
19 1 2
19 1 3
19 1 4
19 1 4
19 1 5
19 1 6
19 1 7
19 1 8
19 1 9
19 1 10
19 1 10
19 1 11
20 0
21 3 1 2 7
14 2 0 12
21 3 0 3 4
14 2 2 13
21 3 2 5 6
14 1 4
14 2 4 7
21 4 0 6 8 14
21 4 7 9 10 15
14 2 8 16
21 4 8 11 17 18
14 2 10 19
19 1 1
19 1 3
19 1 7
19 1 8
19 1 9
19 1 10
19 1 10
19 1 11
12 0
21 3 1 6 8
21 3 0 2 9
21 3 1 3 10
21 3 2 4 11
21 3 3 5 6
4 1 4
21 3 0 4 7
4 1 6
19 1 0
19 1 1
19 1 2
19 1 3
11 0
21 4 1 2 3 5
21 4 0 6 7 8
4 1 0
21 4 0 4 9 10
4 1 3
19 1 0
19 1 1
19 1 1
19 1 1
19 1 3
19 1 3
9 0
21 3 1 3 4
21 3 0 2 5
21 4 1 6 7 8
19 1 0
19 1 0
19 1 1
19 1 2
19 1 2
19 1 2
9 0
21 4 1 2 4 5
4 1 0
21 4 0 3 6 7
14 2 2 8
19 1 0
19 1 0
19 1 2
19 1 2
19 1 3
18 0
21 3 1 10 11
21 3 0 2 12
21 3 1 3 4
14 2 2 13
21 3 2 5 9
17 2 4 6
21 3 5 7 14
21 3 6 8 15
21 3 7 9 16
21 3 4 8 10
21 3 0 9 17
19 1 0
19 1 1
19 1 3
19 1 6
19 1 7
19 1 8
19 1 10
25 0
21 3 1 9 14
21 3 0 2 15
21 3 1 3 7
17 3 2 4 16
21 4 3 5 17 18
21 4 4 6 19 20
14 2 5 21
21 3 2 8 11
21 3 7 9 22
21 3 0 8 10
17 3 9 23 24
17 3 7 12 13
14 1 11
14 1 11
19 1 0
19 1 1
19 1 3
19 1 4
19 1 4
19 1 5
19 1 5
19 1 6
19 1 8
19 1 10
19 1 10
5 0
4 1 1
21 4 0 2 3 4
2 1 1
2 1 1
19 1 1
32 0
21 3 1 2 6
14 1 0
14 2 0 3
21 4 2 4 18 19
21 3 3 5 20
21 3 4 21 22
21 3 0 7 11
21 3 6 8 23
21 3 7 9 24
21 3 8 10 25
21 3 9 11 26
21 3 6 10 12
21 3 11 13 14
14 1 12
14 2 12 15
21 4 14 16 27 28
21 3 15 17 29
21 3 16 30 31
19 1 3
19 1 3
19 1 4
19 1 5
19 1 5
19 1 7
19 1 8
19 1 9
19 1 10
19 1 15
19 1 15
19 1 16
19 1 17
19 1 17
39 0
21 3 1 9 20
21 3 0 2 21
21 3 1 3 7
17 3 2 4 22
21 4 3 5 23 24
21 4 4 6 25 26
14 2 5 27
21 3 2 8 17
21 3 7 9 28
21 3 0 8 10
17 3 9 11 14
21 4 10 12 29 30
21 4 11 13 31 32
14 2 12 33
21 4 10 15 34 35
21 4 14 16 36 37
14 2 15 38
17 3 7 18 19
14 1 17
14 1 17
19 1 0
19 1 1
19 1 3
19 1 4
19 1 4
19 1 5
19 1 5
19 1 6
19 1 8
19 1 11
19 1 11
19 1 12
19 1 12
19 1 13
19 1 14
19 1 14
19 1 15
19 1 15
19 1 16
71 0
21 4 1 30 31 32
21 4 0 2 3 33
4 1 1
21 4 1 4 5 34
4 1 3
21 4 3 6 35 36
21 4 5 7 37 38
21 4 6 8 39 40
21 4 7 9 10 41
4 1 8
21 4 8 11 42 43
21 4 10 12 44 45
21 4 11 13 46 47
21 4 12 14 15 48
4 1 13
21 4 13 16 49 50
21 4 15 17 51 52
21 4 16 18 53 54
21 4 17 19 20 55
4 1 18
21 4 18 21 56 57
21 4 20 22 58 59
21 4 21 23 60 61
21 4 22 24 25 62
4 1 23
21 4 23 26 63 64
21 4 25 27 65 66
21 4 26 28 67 68
21 4 27 29 69 70
4 1 28
19 1 0
19 1 0
19 1 0
19 1 1
19 1 3
19 1 5
19 1 5
19 1 6
19 1 6
19 1 7
19 1 7
19 1 8
19 1 10
19 1 10
19 1 11
19 1 11
19 1 12
19 1 12
19 1 13
19 1 15
19 1 15
19 1 16
19 1 16
19 1 17
19 1 17
19 1 18
19 1 20
19 1 20
19 1 21
19 1 21
19 1 22
19 1 22
19 1 23
19 1 25
19 1 25
19 1 26
19 1 26
19 1 27
19 1 27
19 1 28
19 1 28
27 0
21 3 1 5 12
21 3 0 2 13
21 3 1 3 14
21 3 2 4 15
21 3 3 5 16
21 3 0 4 6
21 4 5 7 8 17
14 2 6 18
21 4 6 9 10 19
21 4 8 20 21 22
17 3 8 11 23
21 4 10 24 25 26
19 1 0
19 1 1
19 1 2
19 1 3
19 1 4
19 1 6
19 1 7
19 1 8
19 1 9
19 1 9
19 1 9
19 1 10
19 1 11
19 1 11
19 1 11
14 0
4 1 1
21 4 0 2 5 6
21 4 1 3 7 8
21 4 2 4 9 10
21 4 3 11 12 13
19 1 1
19 1 1
19 1 2
19 1 2
19 1 3
19 1 3
19 1 4
19 1 4
19 1 4
15 0
21 3 1 7 8
21 3 0 2 3
21 4 1 9 10 11
21 3 1 4 5
14 1 3
14 2 3 6
21 4 5 12 13 14
19 1 0
19 1 0
19 1 2
19 1 2
19 1 2
19 1 6
19 1 6
19 1 6
25 0
21 3 1 2 6
14 2 0 12
21 3 0 3 13
21 3 2 4 14
21 3 3 5 15
21 3 4 6 7
21 3 0 5 16
21 4 5 8 9 17
14 2 7 18
21 4 7 10 19 20
17 3 9 11 21
21 4 10 22 23 24
19 1 1
19 1 2
19 1 3
19 1 4
19 1 6
19 1 7
19 1 8
19 1 9
19 1 9
19 1 10
19 1 11
19 1 11
19 1 11
32 0
21 4 1 6 14 15
21 4 0 2 16 17
21 4 1 3 18 19
21 4 2 4 20 21
21 4 3 5 22 23
21 4 4 24 25 26
21 3 0 7 12
21 3 6 8 27
21 3 7 9 28
21 3 8 10 11
14 2 9 29
21 3 9 12 30
21 3 6 11 13
14 2 12 31
19 1 0
19 1 0
19 1 1
19 1 1
19 1 2
19 1 2
19 1 3
19 1 3
19 1 4
19 1 4
19 1 5
19 1 5
19 1 5
19 1 7
19 1 8
19 1 10
19 1 11
19 1 13
30 0
17 3 1 7 17
21 3 0 2 6
21 3 1 3 18
21 3 2 4 19
21 3 3 5 20
21 3 4 6 21
21 3 1 5 22
21 3 0 8 16
21 3 7 9 23
21 3 8 10 24
21 3 9 11 15
21 3 10 12 25
21 3 11 13 26
21 3 12 14 27
21 3 13 15 28
21 3 10 14 16
21 3 7 15 29
19 1 0
19 1 2
19 1 3
19 1 4
19 1 5
19 1 6
19 1 8
19 1 9
19 1 11
19 1 12
19 1 13
19 1 14
19 1 16
44 0
21 3 1 5 31
21 3 0 2 32
21 3 1 3 33
21 3 2 4 34
21 3 3 5 6
21 3 0 4 35
17 3 4 7 36
21 3 6 8 25
21 3 7 9 37
21 3 8 10 38
21 3 9 11 24
17 3 10 12 39
21 3 11 13 17
21 3 12 14 40
21 3 13 15 41
21 3 14 16 21
21 3 15 17 42
21 3 12 16 18
17 3 17 19 20
14 1 18
14 1 18
17 3 15 22 23
14 1 21
14 1 21
21 3 10 25 43
21 3 7 24 26
13 4 25 27 28 29
14 1 26
14 1 26
14 2 26 30
7 1 29
19 1 0
19 1 1
19 1 2
19 1 3
19 1 5
19 1 6
19 1 8
19 1 9
19 1 11
19 1 13
19 1 14
19 1 16
19 1 24
42 0
14 2 1 19
21 4 0 2 25 26
21 3 1 3 4
14 1 2
17 3 2 5 27
21 4 4 6 9 28
21 3 5 7 8
14 1 6
17 3 6 9 14
21 4 5 8 10 29
13 2 9 11
21 4 10 12 13 14
21 4 11 30 31 32
21 4 11 33 34 35
21 4 8 11 15 36
21 3 14 16 17
14 1 15
14 2 15 18
16 1 17
21 3 0 20 24
21 3 19 21 37
21 3 20 22 38
21 3 21 23 39
21 3 22 24 40
21 3 19 23 41
19 1 1
19 1 1
19 1 4
19 1 5
19 1 9
19 1 12
19 1 12
19 1 12
19 1 13
19 1 13
19 1 13
19 1 14
19 1 20
19 1 21
19 1 22
19 1 23
19 1 24
16 0
21 3 1 5 8
21 3 0 2 9
21 3 1 3 10
21 3 2 4 11
21 3 3 5 12
21 3 0 4 6
21 4 5 7 13 14
14 2 6 15
19 1 0
19 1 1
19 1 2
19 1 3
19 1 4
19 1 6
19 1 6
19 1 7
56 0
21 3 1 31 32
21 3 0 2 33
21 3 1 3 4
14 2 2 34
21 3 2 5 30
21 3 4 6 7
14 1 5
21 3 5 8 26
21 3 7 9 10
14 2 8 35
21 4 8 11 12 24
14 2 10 36
21 3 10 13 14
14 1 12
21 3 12 15 18
21 3 14 16 17
17 3 15 37 38
14 1 15
21 3 14 19 20
14 2 18 39
21 4 18 21 24 40
17 3 20 22 23
21 4 21 41 42 43
21 4 21 44 45 46
21 4 10 20 25 47
21 4 24 26 48 49
21 4 7 25 27 50
21 4 26 28 29 30
21 4 27 51 52 53
14 2 27 54
21 3 4 27 31
21 3 0 30 55
19 1 0
19 1 1
19 1 3
19 1 9
19 1 11
19 1 16
19 1 16
19 1 19
19 1 20
19 1 22
19 1 22
19 1 22
19 1 23
19 1 23
19 1 23
19 1 24
19 1 25
19 1 25
19 1 26
19 1 28
19 1 28
19 1 28
19 1 29
19 1 31
28 0
21 3 1 2 3
14 2 0 15
14 1 0
21 4 0 4 5 6
21 4 3 16 17 18
17 3 3 19 20
21 4 3 7 21 22
21 3 6 8 14
21 3 7 9 23
21 3 8 10 24
21 3 9 11 12
14 2 10 25
21 3 10 13 14
14 2 12 26
21 3 7 12 27
19 1 1
19 1 4
19 1 4
19 1 4
19 1 5
19 1 5
19 1 6
19 1 6
19 1 8
19 1 9
19 1 11
19 1 13
19 1 14
14 0
21 3 1 2 4
14 1 0
21 3 0 3 7
21 3 2 8 9
17 3 0 5 10
21 4 4 6 11 12
14 2 5 13
19 1 2
19 1 3
19 1 3
19 1 4
19 1 5
19 1 5
19 1 6
13 0
21 3 1 2 7
4 1 0
21 3 0 3 9
21 3 2 4 5
4 1 3
21 3 3 6 10
21 3 5 7 11
21 3 0 6 8
14 2 7 12
19 1 2
19 1 5
19 1 6
19 1 8
26 0
21 4 1 2 7 12
21 4 0 13 14 15
14 2 0 3
21 4 2 4 5 16
21 4 3 17 18 19
14 2 3 6
21 4 5 7 8 20
21 4 0 6 21 22
14 2 6 9
21 3 8 10 11
21 4 9 23 24 25
14 1 9
19 1 0
19 1 1
19 1 1
19 1 1
19 1 3
19 1 4
19 1 4
19 1 4
19 1 6
19 1 7
19 1 7
19 1 10
19 1 10
19 1 10
25 0
14 1 1
13 4 0 2 3 12
14 1 1
17 3 1 4 17
21 4 3 5 18 19
17 3 4 6 20
21 3 5 7 12
21 3 6 8 21
21 3 7 9 10
4 1 8
21 3 8 11 13
21 3 10 12 22
21 3 1 6 11
13 4 10 14 15 16
17 3 13 23 24
14 1 13
14 1 13
19 1 3
19 1 4
19 1 4
19 1 5
19 1 7
19 1 11
19 1 14
19 1 14
15 0
21 3 1 8 9
21 3 0 2 10
21 3 1 3 11
21 3 2 4 7
21 3 3 5 12
21 3 4 6 13
14 2 5 7
21 3 3 6 8
21 3 0 7 14
19 1 0
19 1 1
19 1 2
19 1 4
19 1 5
19 1 8
15 0
21 3 1 5 7
21 3 0 2 8
21 3 1 3 9
21 3 2 4 10
21 3 3 5 11
21 3 0 4 6
21 4 5 12 13 14
19 1 0
19 1 1
19 1 2
19 1 3
19 1 4
19 1 6
19 1 6
19 1 6
11 0
21 4 1 5 7 8
21 4 0 2 9 10
21 3 1 3 4
14 1 2
14 2 2 5
21 3 0 4 6
14 1 5
19 1 0
19 1 0
19 1 1
19 1 1
18 0
21 3 1 6 13
21 3 0 2 4
21 2 1 3
17 1 2
21 2 1 5
17 1 4
21 3 0 7 11
21 3 6 8 14
21 3 7 9 15
21 3 8 10 16
21 3 9 11 17
21 3 6 10 12
4 1 11
19 1 0
19 1 7
19 1 8
19 1 9
19 1 10
14 0
21 3 1 5 8
21 3 0 2 9
21 3 1 3 10
21 3 2 4 11
21 3 3 5 12
21 3 0 4 6
21 3 5 7 13
14 1 6
19 1 0
19 1 1
19 1 2
19 1 3
19 1 4
19 1 6
17 0
21 3 1 5 10
21 3 0 2 11
21 3 1 3 12
21 3 2 4 13
21 3 3 5 6
21 3 0 4 14
21 3 4 7 8
14 1 6
21 4 6 9 15 16
4 1 8
19 1 0
19 1 1
19 1 2
19 1 3
19 1 5
19 1 8
19 1 8
23 0
21 4 1 10 11 12
21 4 0 2 3 13
17 3 1 14 15
21 4 1 4 16 17
21 3 3 5 9
21 3 4 6 18
21 3 5 7 19
21 3 6 8 20
21 3 7 9 21
21 3 4 8 22
19 1 0
19 1 0
19 1 0
19 1 1
19 1 2
19 1 2
19 1 3
19 1 3
19 1 5
19 1 6
19 1 7
19 1 8
19 1 9
4 0
7 1 1
17 2 0 2
17 2 1 3
17 1 2
20 0
21 3 1 6 11
21 3 0 2 12
21 3 1 3 4
14 2 2 13
21 3 2 5 14
21 3 4 6 15
21 3 0 5 7
17 3 6 8 16
21 3 7 9 10
14 1 8
21 4 8 17 18 19
19 1 0
19 1 1
19 1 3
19 1 4
19 1 5
19 1 7
19 1 10
19 1 10
19 1 10
38 0
13 4 1 2 3 10
14 1 0
14 1 0
17 3 0 4 7
21 4 3 5 19 20
21 4 4 6 21 22
21 4 5 23 24 25
21 4 3 8 26 27
21 4 7 9 28 29
21 4 8 30 31 32
21 3 0 11 15
21 3 10 12 33
21 3 11 13 34
21 3 12 14 16
21 3 13 15 35
21 3 10 14 36
21 3 13 17 18
14 1 16
14 2 16 37
19 1 4
19 1 4
19 1 5
19 1 5
19 1 6
19 1 6
19 1 6
19 1 7
19 1 7
19 1 8
19 1 8
19 1 9
19 1 9
19 1 9
19 1 11
19 1 12
19 1 14
19 1 15
19 1 18
8 0
21 4 1 2 5 6
4 1 0
21 3 0 3 4
14 2 2 7
14 1 2
19 1 0
19 1 0
19 1 3
17 0
21 3 1 7 9
21 3 0 2 10
21 3 1 3 4
17 3 2 11 12
21 3 2 5 13
21 3 4 6 7
17 3 5 14 15
21 3 0 5 8
14 2 7 16
19 1 0
19 1 1
19 1 3
19 1 3
19 1 4
19 1 6
19 1 6
19 1 8
14 0
21 3 1 6 8
21 3 0 2 9
21 3 1 3 10
21 3 2 4 5
14 2 3 11
21 3 3 6 12
21 3 0 5 7
14 2 6 13
19 1 0
19 1 1
19 1 2
19 1 4
19 1 5
19 1 7
12 0
14 1 1
21 3 0 2 5
21 4 1 3 6 7
21 4 2 4 8 9
21 4 3 5 10 11
14 2 1 4
19 1 2
19 1 2
19 1 3
19 1 3
19 1 4
19 1 4
38 0
21 3 1 14 26
21 3 0 2 27
21 3 1 3 8
21 3 2 4 28
21 3 3 5 29
21 3 4 6 7
17 3 5 30 31
21 3 5 8 32
21 3 2 7 9
13 4 8 10 11 12
14 1 9
14 1 9
14 2 9 13
7 1 12
21 3 0 15 20
21 3 14 16 33
21 3 15 17 34
21 3 16 18 19
17 3 17 35 36
21 3 17 20 37
21 3 14 19 21
13 4 20 22 23 24
14 1 21
14 1 21
14 2 21 25
7 1 24
19 1 0
19 1 1
19 1 3
19 1 4
19 1 6
19 1 6
19 1 7
19 1 15
19 1 16
19 1 18
19 1 18
19 1 19
26 0
21 3 1 6 15
21 3 0 2 16
21 3 1 3 4
14 2 2 17
21 3 2 5 8
21 3 4 6 18
21 3 0 5 7
4 1 6
21 4 4 9 19 20
21 3 8 10 14
21 3 9 11 21
21 3 10 12 22
21 3 11 13 23
21 3 12 14 24
21 3 9 13 25
19 1 0
19 1 1
19 1 3
19 1 5
19 1 8
19 1 8
19 1 10
19 1 11
19 1 12
19 1 13
19 1 14
40 0
21 4 1 6 20 21
21 4 0 2 3 22
21 4 1 23 24 25
17 3 1 4 5
21 4 3 26 27 28
21 4 3 29 30 31
17 3 0 7 19
21 3 6 8 12
21 3 7 9 32
21 3 8 10 33
21 3 9 11 34
21 3 10 12 35
21 3 7 11 13
13 2 12 14
21 3 13 15 19
21 3 14 16 36
21 3 15 17 37
21 3 16 18 38
21 3 17 19 39
21 3 6 14 18
19 1 0
19 1 0
19 1 1
19 1 2
19 1 2
19 1 2
19 1 4
19 1 4
19 1 4
19 1 5
19 1 5
19 1 5
19 1 8
19 1 9
19 1 10
19 1 11
19 1 15
19 1 16
19 1 17
19 1 18
47 0
21 4 1 14 27 28
21 3 0 2 3
14 1 1
21 3 1 4 29
21 3 3 5 30
21 3 4 6 13
21 3 5 7 31
21 3 6 8 32
21 3 7 9 10
14 2 8 33
21 3 8 11 13
14 2 10 12
21 4 11 34 35 36
21 3 5 10 37
21 3 0 15 16
14 1 14
21 3 14 17 38
21 3 16 18 39
21 3 17 19 26
21 3 18 20 40
21 3 19 21 41
21 3 20 22 23
14 2 21 42
21 3 21 24 26
14 2 23 25
21 4 24 43 44 45
21 3 18 23 46
19 1 0
19 1 0
19 1 3
19 1 4
19 1 6
19 1 7
19 1 9
19 1 12
19 1 12
19 1 12
19 1 13
19 1 16
19 1 17
19 1 19
19 1 20
19 1 22
19 1 25
19 1 25
19 1 25
19 1 26
21 0
21 4 1 11 12 13
21 3 0 2 3
14 1 1
14 2 1 4
21 4 3 5 14 15
21 3 4 6 10
21 3 5 7 16
21 3 6 8 17
21 3 7 9 18
21 3 8 10 19
21 3 5 9 20
19 1 0
19 1 0
19 1 0
19 1 4
19 1 4
19 1 6
19 1 7
19 1 8
19 1 9
19 1 10
47 0
14 1 1
15 4 0 2 10 18
14 2 1 3
21 3 2 4 8
21 3 3 5 26
21 3 4 6 27
21 3 5 7 28
21 3 6 8 29
21 3 3 7 9
21 4 8 30 31 32
14 2 1 11
21 3 10 12 16
21 3 11 13 33
21 3 12 14 34
21 3 13 15 35
21 3 14 16 36
21 3 11 15 17
21 4 16 37 38 39
14 2 1 19
21 3 18 20 24
21 3 19 21 40
21 3 20 22 41
21 3 21 23 42
21 3 22 24 43
21 3 19 23 25
21 4 24 44 45 46
19 1 4
19 1 5
19 1 6
19 1 7
19 1 9
19 1 9
19 1 9
19 1 12
19 1 13
19 1 14
19 1 15
19 1 17
19 1 17
19 1 17
19 1 20
19 1 21
19 1 22
19 1 23
19 1 25
19 1 25
19 1 25
55 0
21 4 1 2 3 4
21 4 0 25 26 27
21 4 0 28 29 30
21 4 0 31 32 33
21 3 0 5 23
21 3 4 6 34
21 3 5 7 20
13 2 6 8
21 3 7 9 14
21 3 8 10 35
21 3 9 11 16
21 3 10 12 13
14 2 11 36
21 3 11 14 37
21 3 8 13 15
21 4 14 38 39 40
21 4 10 17 18 19
21 4 16 41 42 43
21 4 16 44 45 46
21 4 16 47 48 49
21 3 6 21 22
21 4 20 50 51 52
21 3 20 23 53
21 3 4 22 24
14 2 23 54
19 1 1
19 1 1
19 1 1
19 1 2
19 1 2
19 1 2
19 1 3
19 1 3
19 1 3
19 1 5
19 1 9
19 1 12
19 1 13
19 1 15
19 1 15
19 1 15
19 1 17
19 1 17
19 1 17
19 1 18
19 1 18
19 1 18
19 1 19
19 1 19
19 1 19
19 1 21
19 1 21
19 1 21
19 1 22
19 1 24
11 0
4 1 1
21 4 0 2 3 9
4 1 1
21 3 1 4 5
4 1 3
21 3 3 6 7
4 1 5
21 3 5 8 9
4 1 7
21 3 1 7 10
4 1 9
72 0
21 4 1 2 3 8
21 4 0 30 31 32
21 4 0 33 34 35
21 4 0 4 36 37
21 4 3 5 6 7
21 4 4 38 39 40
21 4 4 41 42 43
21 4 4 44 45 46
21 3 0 9 29
21 3 8 10 47
21 3 9 11 48
21 3 10 12 28
14 2 11 13
21 4 12 14 49 50
21 4 13 15 51 52
14 2 14 16
21 4 15 17 53 54
21 4 16 18 55 56
17 4 17 19 20 21
21 4 18 57 58 59
21 4 18 60 61 62
21 4 18 22 63 64
21 3 21 23 27
21 3 22 24 65
21 3 23 25 66
21 3 24 26 67
21 3 25 27 68
21 3 22 26 69
21 3 11 29 70
21 3 8 28 71
19 1 1
19 1 1
19 1 1
19 1 2
19 1 2
19 1 2
19 1 3
19 1 3
19 1 5
19 1 5
19 1 5
19 1 6
19 1 6
19 1 6
19 1 7
19 1 7
19 1 7
19 1 9
19 1 10
19 1 13
19 1 13
19 1 14
19 1 14
19 1 16
19 1 16
19 1 17
19 1 17
19 1 19
19 1 19
19 1 19
19 1 20
19 1 20
19 1 20
19 1 21
19 1 21
19 1 23
19 1 24
19 1 25
19 1 26
19 1 27
19 1 28
19 1 29
36 0
21 4 1 5 11 17
21 3 0 2 3
14 1 1
14 2 1 4
21 4 3 18 19 20
21 3 0 6 10
21 3 5 7 21
21 3 6 8 22
21 3 7 9 23
21 3 8 10 24
21 3 5 9 25
21 4 0 12 16 26
21 4 11 13 27 28
21 4 12 14 29 30
21 4 13 15 31 32
21 4 14 16 33 34
17 3 11 15 35
19 1 0
19 1 4
19 1 4
19 1 4
19 1 6
19 1 7
19 1 8
19 1 9
19 1 10
19 1 11
19 1 12
19 1 12
19 1 13
19 1 13
19 1 14
19 1 14
19 1 15
19 1 15
19 1 16
17 0
21 3 1 5 12
21 3 0 2 13
21 3 1 3 9
21 3 2 4 14
21 3 3 5 15
21 3 0 4 6
21 3 5 7 8
14 2 6 16
14 1 6
17 3 2 10 11
14 1 9
14 1 9
19 1 0
19 1 1
19 1 3
19 1 4
19 1 7
43 0
21 4 1 22 23 24
17 3 0 2 18
21 4 1 3 21 25
21 4 2 4 26 27
21 4 3 5 17 28
14 2 4 6
21 3 5 7 8
14 1 6
21 4 6 9 11 29
21 4 8 10 30 31
14 2 9 32
21 3 8 12 16
21 3 11 13 33
21 3 12 14 34
21 3 13 15 35
21 3 14 16 36
21 3 11 15 37
21 4 4 18 38 39
21 4 1 17 19 40
21 4 18 20 21 41
14 2 19 21
21 4 2 19 20 42
19 1 0
19 1 0
19 1 0
19 1 2
19 1 3
19 1 3
19 1 4
19 1 8
19 1 9
19 1 9
19 1 10
19 1 12
19 1 13
19 1 14
19 1 15
19 1 16
19 1 17
19 1 17
19 1 18
19 1 19
19 1 21
53 0
21 4 1 23 24 25
21 3 0 2 22
21 3 1 3 26
21 4 2 4 20 27
21 3 3 5 15
21 3 4 6 7
14 2 5 28
21 3 5 8 29
21 3 7 9 14
21 4 8 10 30 31
21 4 9 11 32 33
21 4 10 12 34 35
21 4 11 13 36 37
21 4 12 38 39 40
21 3 8 15 41
21 3 4 14 16
14 2 15 17
21 4 16 18 19 20
21 4 17 42 43 44
21 4 17 45 46 47
21 4 3 17 21 48
21 4 20 22 49 50
21 4 1 21 51 52
19 1 0
19 1 0
19 1 0
19 1 2
19 1 3
19 1 6
19 1 7
19 1 9
19 1 9
19 1 10
19 1 10
19 1 11
19 1 11
19 1 12
19 1 12
19 1 13
19 1 13
19 1 13
19 1 14
19 1 18
19 1 18
19 1 18
19 1 19
19 1 19
19 1 19
19 1 20
19 1 21
19 1 21
19 1 22
19 1 22
43 0
21 3 1 7 21
21 3 0 2 16
21 3 1 3 22
21 3 2 4 23
21 3 3 5 7
14 2 4 6
21 4 5 24 25 26
21 3 0 4 8
14 2 7 9
21 4 8 10 21 27
21 4 9 11 12 28
14 2 10 29
21 3 10 13 30
21 3 12 14 31
21 4 13 15 21 32
21 4 14 16 17 33
21 4 1 15 34 35
17 3 15 18 19
21 4 17 36 37 38
21 4 17 20 39 40
21 4 19 21 41 42
21 4 0 9 14 20
19 1 2
19 1 3
19 1 6
19 1 6
19 1 6
19 1 9
19 1 10
19 1 11
19 1 12
19 1 13
19 1 14
19 1 15
19 1 16
19 1 16
19 1 18
19 1 18
19 1 18
19 1 19
19 1 19
19 1 20
19 1 20
26 0
21 4 1 2 3 4
21 4 0 12 13 14
21 4 0 15 16 17
21 4 0 18 19 20
21 3 0 5 10
21 3 4 6 21
21 3 5 7 8
14 2 6 22
21 3 6 9 23
21 3 8 10 24
21 3 4 9 11
14 2 10 25
19 1 1
19 1 1
19 1 1
19 1 2
19 1 2
19 1 2
19 1 3
19 1 3
19 1 3
19 1 5
19 1 7
19 1 8
19 1 9
19 1 11
7 0
21 4 1 4 5 6
17 3 0 2 3
14 1 1
14 1 1
19 1 0
19 1 0
19 1 0
22 0
21 3 1 2 7
21 4 0 13 14 15
21 3 0 3 16
21 3 2 4 5
21 4 3 17 18 19
21 3 3 6 20
21 3 5 7 8
21 3 0 6 21
13 4 6 9 10 11
14 1 8
14 1 8
14 2 8 12
7 1 11
19 1 1
19 1 1
19 1 1
19 1 2
19 1 4
19 1 4
19 1 4
19 1 5
19 1 7
13 0
21 4 1 2 3 5
21 4 0 6 7 8
21 4 0 9 10 11
21 3 0 4 12
14 1 3
19 1 0
19 1 1
19 1 1
19 1 1
19 1 2
19 1 2
19 1 2
19 1 3
21 0
14 1 1
21 3 0 2 9
17 3 1 3 4
21 4 2 13 14 15
21 3 2 5 6
14 1 4
17 3 4 7 8
21 4 6 16 17 18
21 3 6 9 12
21 3 1 8 10
17 2 9 11
21 3 10 12 19
17 3 8 11 20
19 1 3
19 1 3
19 1 3
19 1 7
19 1 7
19 1 7
19 1 11
19 1 12
12 0
21 4 1 2 3 5
21 4 0 6 7 8
14 2 0 9
21 4 0 4 10 11
4 1 3
19 1 0
19 1 1
19 1 1
19 1 1
19 1 2
19 1 3
19 1 3
18 0
17 3 1 4 7
21 4 0 2 8 9
21 4 1 3 10 11
14 2 2 12
21 4 0 5 13 14
21 4 4 6 15 16
14 2 5 17
19 1 0
19 1 1
19 1 1
19 1 2
19 1 2
19 1 3
19 1 4
19 1 4
19 1 5
19 1 5
19 1 6
54 0
21 4 1 19 20 21
21 4 0 2 22 23
21 4 1 3 24 25
21 4 2 4 26 27
21 4 3 5 28 29
21 4 4 6 30 31
21 4 5 7 32 33
21 4 6 8 34 35
21 4 7 9 36 37
21 4 8 10 38 39
21 4 9 11 40 41
21 4 10 12 42 43
17 3 11 13 16
21 4 12 14 44 45
21 4 13 15 46 47
14 2 14 48
21 4 12 17 49 50
21 4 16 18 51 52
14 2 17 53
19 1 0
19 1 0
19 1 0
19 1 1
19 1 1
19 1 2
19 1 2
19 1 3
19 1 3
19 1 4
19 1 4
19 1 5
19 1 5
19 1 6
19 1 6
19 1 7
19 1 7
19 1 8
19 1 8
19 1 9
19 1 9
19 1 10
19 1 10
19 1 11
19 1 11
19 1 13
19 1 13
19 1 14
19 1 14
19 1 15
19 1 16
19 1 16
19 1 17
19 1 17
19 1 18
67 0
21 4 1 8 24 25
21 4 0 2 26 27
21 4 1 3 28 29
21 4 2 4 30 31
21 4 3 5 32 33
21 4 4 6 34 35
21 4 5 7 36 37
21 4 6 38 39 40
21 3 0 9 41
21 3 8 10 42
21 4 9 11 43 44
21 4 10 12 45 46
21 4 11 13 47 48
21 4 12 14 49 50
21 4 13 15 51 52
21 4 14 16 53 54
21 4 15 17 55 56
21 3 16 18 19
14 1 17
17 3 17 20 22
21 4 19 21 57 58
21 4 20 59 60 61
21 4 19 23 62 63
21 4 22 64 65 66
19 1 0
19 1 0
19 1 1
19 1 1
19 1 2
19 1 2
19 1 3
19 1 3
19 1 4
19 1 4
19 1 5
19 1 5
19 1 6
19 1 6
19 1 7
19 1 7
19 1 7
19 1 8
19 1 9
19 1 10
19 1 10
19 1 11
19 1 11
19 1 12
19 1 12
19 1 13
19 1 13
19 1 14
19 1 14
19 1 15
19 1 15
19 1 16
19 1 16
19 1 20
19 1 20
19 1 21
19 1 21
19 1 21
19 1 22
19 1 22
19 1 23
19 1 23
19 1 23
22 0
21 4 1 8 9 10
21 4 0 2 11 12
21 4 1 3 13 14
21 4 2 4 15 16
14 2 3 5
21 4 4 6 17 18
21 4 5 7 19 20
14 2 6 21
19 1 0
19 1 0
19 1 0
19 1 1
19 1 1
19 1 2
19 1 2
19 1 3
19 1 3
19 1 5
19 1 5
19 1 6
19 1 6
19 1 7
15 0
21 3 1 2 7
14 1 0
21 4 0 3 8 9
21 4 2 4 10 11
21 4 3 5 12 13
21 3 4 6 14
14 1 5
19 1 0
19 1 2
19 1 2
19 1 3
19 1 3
19 1 4
19 1 4
19 1 5
30 0
21 3 1 7 18
21 3 0 2 3
14 2 1 20
21 3 1 4 21
21 3 3 5 6
14 2 4 22
21 3 4 7 23
21 3 0 6 8
21 3 7 9 10
14 1 8
21 3 8 11 17
21 3 10 12 24
21 3 11 13 14
21 4 12 25 26 27
21 3 12 15 28
21 3 14 16 17
14 2 15 29
21 3 10 15 18
21 3 0 17 19
14 1 18
19 1 2
19 1 3
19 1 5
19 1 6
19 1 11
19 1 13
19 1 13
19 1 13
19 1 14
19 1 16
4 0
14 1 1
17 2 0 2
14 2 1 3
7 1 2
25 0
13 4 1 2 3 10
14 1 0
14 1 0
21 3 0 4 9
21 3 3 5 17
21 3 4 6 18
21 3 5 7 8
4 1 6
21 3 6 9 19
21 3 3 8 20
21 3 0 11 16
21 3 10 12 21
21 3 11 13 22
21 3 12 14 15
4 1 13
21 3 13 16 23
21 3 10 15 24
19 1 4
19 1 5
19 1 8
19 1 9
19 1 11
19 1 12
19 1 15
19 1 16
