0,633,1.000000
0,1862,1.000000
0,2582,1.000000
3,2544,1.000000
4,2176,1.000000
4,1016,1.000000
4,1761,1.000000
4,1256,1.000000
4,2175,1.000000
6,1416,1.000000
6,1602,1.000000
6,1042,1.000000
6,373,1.000000
9,2614,1.000000
9,723,1.000000
10,476,1.000000
10,2545,1.000000
12,2661,1.000000
12,1001,1.000000
12,1318,1.000000
12,2662,1.000000
15,2367,1.000000
15,1093,1.000000
15,1090,1.000000
15,1271,1.000000
17,24,1.000000
17,2140,1.000000
17,1316,1.000000
17,1315,1.000000
17,927,1.000000
19,1939,1.000000
20,1072,1.000000
20,2374,1.000000
20,2375,1.000000
20,2269,1.000000
20,2270,1.000000
23,2159,1.000000
24,17,1.000000
24,1701,1.000000
24,2139,1.000000
24,1636,1.000000
24,2141,1.000000
24,598,1.000000
24,201,1.000000
26,2454,1.000000
26,2455,1.000000
26,123,1.000000
26,99,1.000000
26,122,1.000000
29,963,1.000000
29,2645,1.000000
31,1594,1.000000
32,1973,1.000000
32,279,1.000000
32,518,1.000000
32,1850,1.000000
35,1296,1.000000
35,1913,1.000000
35,895,1.000000
36,1146,1.000000
36,1640,1.000000
36,1505,1.000000
36,2106,1.000000
36,1781,1.000000
36,2094,1.000000
36,1552,1.000000
36,2107,1.000000
38,429,1.000000
38,1160,1.000000
38,862,1.000000
38,863,1.000000
40,507,1.000000
40,866,1.000000
40,1364,1.000000
41,1914,1.000000
41,644,1.000000
41,175,1.000000
41,596,1.000000
43,963,1.000000
43,2399,1.000000
43,2400,1.000000
43,152,1.000000
43,1653,1.000000
43,1530,1.000000
46,2366,1.000000
46,1604,1.000000
47,1579,1.000000
47,163,1.000000
48,598,1.000000
48,1031,1.000000
48,1662,1.000000
48,2206,1.000000
50,1441,1.000000
51,710,1.000000
51,2214,1.000000
51,2215,1.000000
51,2213,1.000000
51,457,1.000000
51,1392,1.000000
54,767,1.000000
54,401,1.000000
55,210,1.000000
55,1983,1.000000
55,787,1.000000
55,2020,1.000000
55,1156,1.000000
55,771,1.000000
56,1616,1.000000
56,412,1.000000
56,447,1.000000
56,1849,1.000000
61,1416,1.000000
61,1309,1.000000
61,2312,1.000000
61,1080,1.000000
62,485,1.000000
63,1322,1.000000
64,1737,1.000000
64,1209,1.000000
64,2616,1.000000
65,1628,1.000000
65,2419,1.000000
65,543,1.000000
65,619,1.000000
65,1293,1.000000
65,1156,1.000000
65,771,1.000000
67,540,1.000000
67,282,1.000000
67,2628,1.000000
69,1013,1.000000
69,1914,1.000000
69,1926,1.000000
69,1351,1.000000
69,604,1.000000
69,1920,1.000000
69,2189,1.000000
74,1416,1.000000
74,586,1.000000
74,1042,1.000000
74,2155,1.000000
74,544,1.000000
74,2419,1.000000
74,1118,1.000000
74,1517,1.000000
74,2052,1.000000
75,2222,1.000000
75,2223,1.000000
75,2224,1.000000
75,2225,1.000000
75,84,1.000000
75,583,1.000000
77,659,1.000000
77,1803,1.000000
79,2097,1.000000
79,603,1.000000
81,2180,1.000000
81,347,1.000000
81,527,1.000000
81,423,1.000000
83,1520,1.000000
83,2581,1.000000
84,75,1.000000
84,2224,1.000000
84,284,1.000000
84,2223,1.000000
84,2226,1.000000
88,1309,1.000000
88,300,1.000000
88,1847,1.000000
88,2015,1.000000
88,2016,1.000000
88,2017,1.000000
88,415,1.000000
88,737,1.000000
88,2394,1.000000
89,1087,1.000000
89,884,1.000000
89,1401,1.000000
89,2463,1.000000
89,1157,1.000000
89,1094,1.000000
89,258,1.000000
89,1653,1.000000
89,1530,1.000000
89,1585,1.000000
91,2122,1.000000
91,2001,1.000000
91,330,1.000000
91,2380,1.000000
91,2123,1.000000
91,1046,1.000000
92,898,1.000000
92,1836,1.000000
93,2151,1.000000
93,550,1.000000
93,1495,1.000000
93,950,1.000000
94,1966,1.000000
94,586,1.000000
94,733,1.000000
94,1649,1.000000
94,2490,1.000000
94,195,1.000000
94,2355,1.000000
94,934,1.000000
94,2263,1.000000
95,1628,1.000000
95,1602,1.000000
95,693,1.000000
95,456,1.000000
95,2183,1.000000
95,1580,1.000000
96,2217,1.000000
97,661,1.000000
97,1353,1.000000
98,1521,1.000000
99,26,1.000000
99,123,1.000000
99,2454,1.000000
99,2455,1.000000
99,122,1.000000
99,2604,1.000000
100,1602,1.000000
100,2056,1.000000
104,2210,1.000000
104,864,1.000000
104,401,1.000000
104,1065,1.000000
106,2461,1.000000
107,541,1.000000
107,1113,1.000000
107,971,1.000000
107,1650,1.000000
108,2157,1.000000
108,1647,1.000000
108,2209,1.000000
109,2094,1.000000
109,176,1.000000
109,2095,1.000000
109,1661,1.000000
110,1262,1.000000
110,567,1.000000
110,2279,1.000000
110,1161,1.000000
110,1599,1.000000
113,540,1.000000
113,747,1.000000
113,1884,1.000000
114,2288,1.000000
114,610,1.000000
114,2506,1.000000
115,973,1.000000
116,1076,1.000000
116,1501,1.000000
117,259,1.000000
117,2537,1.000000
118,1616,1.000000
118,388,1.000000
118,2030,1.000000
118,446,1.000000
118,255,1.000000
118,1343,1.000000
118,2165,1.000000
118,554,1.000000
118,581,1.000000
118,1690,1.000000
118,1507,1.000000
118,2112,1.000000
118,1029,1.000000
118,2166,1.000000
118,1538,1.000000
118,454,1.000000
118,1851,1.000000
119,646,1.000000
119,1959,1.000000
119,379,1.000000
119,1549,1.000000
119,1901,1.000000
119,1537,1.000000
121,1910,1.000000
121,980,1.000000
121,802,1.000000
121,1158,1.000000
121,2251,1.000000
121,589,1.000000
121,2252,1.000000
122,26,1.000000
122,99,1.000000
122,2454,1.000000
122,2455,1.000000
123,26,1.000000
123,99,1.000000
123,2455,1.000000
123,2604,1.000000
127,2604,1.000000
128,233,1.000000
128,392,1.000000
128,370,1.000000
128,2270,1.000000
131,2169,1.000000
131,834,1.000000
132,904,1.000000
132,1022,1.000000
132,1959,1.000000
132,379,1.000000
132,479,1.000000
134,406,1.000000
135,137,1.000000
135,2144,1.000000
135,2095,1.000000
136,831,1.000000
137,135,1.000000
137,2144,1.000000
137,2329,1.000000
137,2504,1.000000
140,582,1.000000
140,623,1.000000
143,1701,1.000000
143,598,1.000000
143,316,1.000000
144,2192,1.000000
144,1593,1.000000
144,145,1.000000
144,213,1.000000
145,144,1.000000
145,213,1.000000
145,537,1.000000
145,1593,1.000000
145,1165,1.000000
145,2622,1.000000
147,1976,1.000000
147,1519,1.000000
149,1416,1.000000
149,2025,1.000000
149,1655,1.000000
149,1080,1.000000
150,310,1.000000
150,1942,1.000000
150,914,1.000000
152,43,1.000000
152,2238,1.000000
152,2240,1.000000
152,884,1.000000
157,1701,1.000000
157,598,1.000000
157,1870,1.000000
157,2493,1.000000
159,2308,1.000000
159,180,1.000000
163,47,1.000000
164,210,1.000000
164,211,1.000000
165,598,1.000000
165,1473,1.000000
165,2706,1.000000
165,2707,1.000000
166,271,1.000000
166,2617,1.000000
167,2437,1.000000
167,1056,1.000000
167,168,1.000000
167,2482,1.000000
168,167,1.000000
168,2437,1.000000
168,2438,1.000000
169,1994,1.000000
169,2706,1.000000
171,790,1.000000
171,1548,1.000000
171,775,1.000000
172,756,1.000000
172,1692,1.000000
172,2187,1.000000
172,240,1.000000
172,512,1.000000
175,41,1.000000
175,1914,1.000000
175,2388,1.000000
175,955,1.000000
175,596,1.000000
175,2217,1.000000
175,2135,1.000000
176,109,1.000000
176,973,1.000000
176,231,1.000000
177,2679,1.000000
177,2682,1.000000
177,1639,1.000000
177,726,1.000000
178,833,1.000000
180,159,1.000000
180,2037,1.000000
180,1807,1.000000
180,1020,1.000000
180,2076,1.000000
180,791,1.000000
180,2004,1.000000
180,790,1.000000
180,775,1.000000
181,1013,1.000000
181,1464,1.000000
181,1359,1.000000
181,1683,1.000000
182,183,1.000000
182,997,1.000000
183,182,1.000000
183,1837,1.000000
183,997,1.000000
186,2702,1.000000
186,1672,1.000000
186,2580,1.000000
186,1228,1.000000
186,1319,1.000000
186,1536,1.000000
189,1072,1.000000
189,1262,1.000000
189,1509,1.000000
189,564,1.000000
190,2135,1.000000
190,491,1.000000
194,1050,1.000000
194,1451,1.000000
194,2646,1.000000
194,2564,1.000000
194,473,1.000000
195,94,1.000000
195,2424,1.000000
198,1255,1.000000
200,2676,1.000000
200,1439,1.000000
201,24,1.000000
201,1701,1.000000
201,1986,1.000000
201,598,1.000000
201,2430,1.000000
201,570,1.000000
204,415,1.000000
205,1701,1.000000
205,1869,1.000000
207,833,1.000000
209,2681,1.000000
210,55,1.000000
210,164,1.000000
210,1905,1.000000
210,1614,1.000000
210,1626,1.000000
210,1906,1.000000
211,164,1.000000
211,356,1.000000
212,1290,1.000000
213,144,1.000000
213,145,1.000000
213,2192,1.000000
213,1593,1.000000
217,2473,1.000000
217,2474,1.000000
217,243,1.000000
218,1020,1.000000
218,2076,1.000000
218,1348,1.000000
218,2594,1.000000
219,1413,1.000000
219,1542,1.000000
219,507,1.000000
222,821,1.000000
223,1761,1.000000
223,1154,1.000000
223,744,1.000000
225,2255,1.000000
227,883,1.000000
227,534,1.000000
229,1894,1.000000
229,1053,1.000000
229,1405,1.000000
229,2118,1.000000
231,176,1.000000
231,1701,1.000000
231,387,1.000000
231,232,1.000000
231,2217,1.000000
231,551,1.000000
231,1868,1.000000
232,231,1.000000
232,1701,1.000000
232,1986,1.000000
232,869,1.000000
232,1864,1.000000
233,128,1.000000
237,2539,1.000000
238,1828,1.000000
239,619,1.000000
239,1069,1.000000
239,1220,1.000000
239,887,1.000000
239,1759,1.000000
240,172,1.000000
240,756,1.000000
240,1472,1.000000
240,512,1.000000
240,1692,1.000000
241,1441,1.000000
242,1131,1.000000
242,279,1.000000
242,2280,1.000000
242,838,1.000000
243,217,1.000000
243,473,1.000000
243,2647,1.000000
243,2648,1.000000
243,2474,1.000000
247,2583,1.000000
248,1964,1.000000
248,1264,1.000000
248,1531,1.000000
250,2429,1.000000
251,1413,1.000000
251,1542,1.000000
251,507,1.000000
251,1300,1.000000
251,1933,1.000000
251,253,1.000000
251,812,1.000000
252,1973,1.000000
252,711,1.000000
252,973,1.000000
252,2485,1.000000
253,251,1.000000
253,1413,1.000000
253,507,1.000000
254,507,1.000000
254,1211,1.000000
255,118,1.000000
255,1343,1.000000
255,2112,1.000000
255,1266,1.000000
256,756,1.000000
258,89,1.000000
258,1240,1.000000
258,963,1.000000
258,2645,1.000000
258,1094,1.000000
258,1153,1.000000
258,1401,1.000000
259,117,1.000000
259,2537,1.000000
262,1464,1.000000
262,1351,1.000000
265,1441,1.000000
270,279,1.000000
270,2280,1.000000
270,1195,1.000000
270,1215,1.000000
270,838,1.000000
271,166,1.000000
271,2387,1.000000
271,1970,1.000000
271,638,1.000000
271,2498,1.000000
278,1185,1.000000
279,32,1.000000
279,242,1.000000
279,270,1.000000
279,2280,1.000000
279,2344,1.000000
279,1195,1.000000
279,666,1.000000
279,2423,1.000000
279,2165,1.000000
279,304,1.000000
279,838,1.000000
279,502,1.000000
280,2155,1.000000
280,1535,1.000000
282,67,1.000000
282,747,1.000000
284,84,1.000000
284,2222,1.000000
284,2223,1.000000
284,2226,1.000000
284,2224,1.000000
284,2225,1.000000
284,583,1.000000
291,1692,1.000000
292,2562,1.000000
293,2038,1.000000
295,1177,1.000000
295,1176,1.000000
296,2685,1.000000
296,732,1.000000
298,1325,1.000000
298,1095,1.000000
298,607,1.000000
299,2383,1.000000
299,2498,1.000000
299,1484,1.000000
299,2386,1.000000
299,2387,1.000000
300,88,1.000000
300,415,1.000000
300,634,1.000000
303,2143,1.000000
303,1670,1.000000
303,719,1.000000
304,279,1.000000
304,1857,1.000000
304,1172,1.000000
304,2423,1.000000
306,1640,1.000000
306,1483,1.000000
306,1798,1.000000
306,1490,1.000000
306,1799,1.000000
306,1158,1.000000
306,2088,1.000000
306,329,1.000000
306,1245,1.000000
306,2089,1.000000
306,1705,1.000000
306,887,1.000000
306,1802,1.000000
306,417,1.000000
306,554,1.000000
306,476,1.000000
306,581,1.000000
306,1781,1.000000
306,1804,1.000000
306,308,1.000000
306,1782,1.000000
306,656,1.000000
306,2090,1.000000
306,2048,1.000000
306,719,1.000000
307,991,1.000000
308,306,1.000000
308,2045,1.000000
308,1670,1.000000
308,350,1.000000
309,2305,1.000000
309,2268,1.000000
309,383,1.000000
310,150,1.000000
310,1241,1.000000
310,352,1.000000
310,990,1.000000
310,1947,1.000000
310,1948,1.000000
310,1815,1.000000
310,892,1.000000
310,1949,1.000000
310,1581,1.000000
310,1272,1.000000
310,1944,1.000000
310,1945,1.000000
310,1946,1.000000
310,1950,1.000000
310,1331,1.000000
310,875,1.000000
313,2296,1.000000
315,1921,1.000000
315,408,1.000000
315,2232,1.000000
315,423,1.000000
315,1602,1.000000
316,143,1.000000
316,598,1.000000
316,766,1.000000
316,1073,1.000000
316,920,1.000000
316,1821,1.000000
316,2004,1.000000
316,1297,1.000000
316,845,1.000000
316,1868,1.000000
323,2020,1.000000
323,2022,1.000000
325,787,1.000000
325,1848,1.000000
327,928,1.000000
327,1325,1.000000
327,2063,1.000000
327,2064,1.000000
329,306,1.000000
329,2598,1.000000
329,1798,1.000000
330,91,1.000000
330,1505,1.000000
330,2123,1.000000
335,1701,1.000000
335,1986,1.000000
336,1944,1.000000
336,1950,1.000000
338,1413,1.000000
338,1542,1.000000
338,1934,1.000000
339,813,1.000000
340,584,1.000000
340,2463,1.000000
342,1072,1.000000
342,1512,1.000000
344,661,1.000000
344,441,1.000000
344,854,1.000000
344,2323,1.000000
344,389,1.000000
345,833,1.000000
347,81,1.000000
347,525,1.000000
347,408,1.000000
347,423,1.000000
349,465,1.000000
349,419,1.000000
350,306,1.000000
350,308,1.000000
350,1640,1.000000
350,2089,1.000000
350,1778,1.000000
350,1782,1.000000
350,656,1.000000
350,2090,1.000000
350,406,1.000000
352,310,1.000000
352,1944,1.000000
352,1294,1.000000
354,659,1.000000
354,1803,1.000000
354,2453,1.000000
355,1668,1.000000
356,211,1.000000
356,2018,1.000000
356,2116,1.000000
356,1259,1.000000
356,498,1.000000
359,1483,1.000000
359,389,1.000000
359,1620,1.000000
360,1824,1.000000
360,1409,1.000000
361,2681,1.000000
362,1966,1.000000
366,1986,1.000000
366,745,1.000000
366,1583,1.000000
366,553,1.000000
367,2083,1.000000
367,2451,1.000000
368,1545,1.000000
368,428,1.000000
368,996,1.000000
368,1366,1.000000
368,1194,1.000000
368,2249,1.000000
368,2393,1.000000
370,128,1.000000
370,1408,1.000000
370,1414,1.000000
370,2269,1.000000
370,1415,1.000000
371,1415,1.000000
371,1414,1.000000
371,1553,1.000000
371,1441,1.000000
371,1354,1.000000
371,720,1.000000
371,2375,1.000000
373,6,1.000000
373,1042,1.000000
373,1025,1.000000
377,733,1.000000
377,1265,1.000000
377,678,1.000000
377,2291,1.000000
379,119,1.000000
379,132,1.000000
379,1898,1.000000
379,904,1.000000
379,1022,1.000000
379,1959,1.000000
383,309,1.000000
383,733,1.000000
383,1704,1.000000
383,2268,1.000000
386,2114,1.000000
386,2115,1.000000
386,2117,1.000000
387,231,1.000000
387,519,1.000000
387,2191,1.000000
388,118,1.000000
388,2497,1.000000
388,1899,1.000000
389,344,1.000000
389,359,1.000000
389,1483,1.000000
389,704,1.000000
389,2450,1.000000
389,1743,1.000000
389,1077,1.000000
389,905,1.000000
392,128,1.000000
392,1415,1.000000
392,1825,1.000000
392,720,1.000000
392,1619,1.000000
392,2269,1.000000
395,2367,1.000000
395,640,1.000000
395,1147,1.000000
397,2329,1.000000
397,879,1.000000
397,665,1.000000
397,1096,1.000000
399,2107,1.000000
400,1354,1.000000
401,54,1.000000
401,104,1.000000
401,1065,1.000000
401,1160,1.000000
401,733,1.000000
401,1096,1.000000
402,1413,1.000000
402,1542,1.000000
402,507,1.000000
402,776,1.000000
402,1940,1.000000
402,1932,1.000000
402,1936,1.000000
406,134,1.000000
406,350,1.000000
406,505,1.000000
406,2505,1.000000
408,315,1.000000
408,347,1.000000
408,525,1.000000
408,734,1.000000
408,1841,1.000000
408,2056,1.000000
412,56,1.000000
412,1616,1.000000
412,1849,1.000000
414,711,1.000000
415,88,1.000000
415,204,1.000000
415,300,1.000000
415,737,1.000000
415,1309,1.000000
415,1847,1.000000
415,1850,1.000000
417,306,1.000000
417,1072,1.000000
417,2034,1.000000
417,2494,1.000000
419,349,1.000000
421,2216,1.000000
421,2213,1.000000
423,81,1.000000
423,315,1.000000
423,347,1.000000
423,525,1.000000
423,527,1.000000
426,1782,1.000000
428,368,1.000000
428,2248,1.000000
428,2671,1.000000
428,1257,1.000000
428,996,1.000000
429,38,1.000000
429,2043,1.000000
429,1493,1.000000
429,1807,1.000000
429,1618,1.000000
429,794,1.000000
429,2001,1.000000
429,523,1.000000
429,863,1.000000
431,2694,1.000000
431,2695,1.000000
434,1524,1.000000
434,1693,1.000000
434,2408,1.000000
434,2133,1.000000
437,1985,1.000000
437,1495,1.000000
437,950,1.000000
437,718,1.000000
437,498,1.000000
438,1983,1.000000
438,787,1.000000
438,1984,1.000000
438,1985,1.000000
438,718,1.000000
440,1296,1.000000
440,2179,1.000000
440,441,1.000000
440,725,1.000000
440,1913,1.000000
440,895,1.000000
441,344,1.000000
441,440,1.000000
441,1537,1.000000
441,671,1.000000
441,1455,1.000000
441,2094,1.000000
441,454,1.000000
443,1966,1.000000
443,1010,1.000000
443,1531,1.000000
443,1264,1.000000
444,582,1.000000
444,488,1.000000
444,623,1.000000
444,515,1.000000
444,2289,1.000000
444,2290,1.000000
444,2464,1.000000
444,828,1.000000
445,1434,1.000000
445,909,1.000000
446,118,1.000000
446,903,1.000000
446,1507,1.000000
447,56,1.000000
447,1616,1.000000
447,1849,1.000000
447,2638,1.000000
448,1824,1.000000
448,1902,1.000000
448,1826,1.000000
448,472,1.000000
449,2581,1.000000
451,671,1.000000
451,935,1.000000
451,2285,1.000000
453,2305,1.000000
453,1806,1.000000
453,2306,1.000000
454,118,1.000000
454,441,1.000000
454,973,1.000000
454,2188,1.000000
454,2189,1.000000
454,1441,1.000000
454,1917,1.000000
454,2190,1.000000
454,581,1.000000
454,2022,1.000000
454,1661,1.000000
456,1580,1.000000
457,51,1.000000
457,2216,1.000000
457,1201,1.000000
457,2215,1.000000
462,1048,1.000000
463,1964,1.000000
463,1703,1.000000
463,1702,1.000000
463,1966,1.000000
465,349,1.000000
465,1403,1.000000
465,896,1.000000
465,1869,1.000000
465,2304,1.000000
467,1172,1.000000
468,647,1.000000
468,1311,1.000000
468,1313,1.000000
471,1013,1.000000
471,2394,1.000000
472,448,1.000000
472,1825,1.000000
472,559,1.000000
472,1183,1.000000
472,1182,1.000000
472,2029,1.000000
473,194,1.000000
473,243,1.000000
473,1575,1.000000
473,2647,1.000000
476,10,1.000000
476,306,1.000000
476,1986,1.000000
476,1140,1.000000
476,1800,1.000000
479,132,1.000000
479,1880,1.000000
482,1807,1.000000
482,2307,1.000000
482,2308,1.000000
482,790,1.000000
485,62,1.000000
485,1042,1.000000
485,839,1.000000
487,1798,1.000000
487,1705,1.000000
487,859,1.000000
487,1782,1.000000
488,444,1.000000
488,2547,1.000000
490,1973,1.000000
490,2105,1.000000
490,1879,1.000000
490,826,1.000000
490,2099,1.000000
490,1309,1.000000
490,1131,1.000000
491,190,1.000000
492,1257,1.000000
492,956,1.000000
492,1533,1.000000
492,688,1.000000
492,2678,1.000000
492,2673,1.000000
494,2614,1.000000
495,2192,1.000000
495,1328,1.000000
495,1327,1.000000
496,711,1.000000
496,596,1.000000
496,992,1.000000
497,2419,1.000000
498,88,1.000000
498,323,1.000000
498,356,1.000000
498,437,1.000000
498,1652,1.000000
499,2457,1.000000
499,2458,1.000000
500,2241,1.000000
502,279,1.000000
502,1976,1.000000
503,1692,1.000000
503,576,1.000000
503,2001,1.000000
504,1973,1.000000
504,2394,1.000000
504,2396,1.000000
505,406,1.000000
505,843,1.000000
505,2083,1.000000
506,1013,1.000000
506,1914,1.000000
506,1918,1.000000
506,1352,1.000000
507,40,1.000000
507,219,1.000000
507,251,1.000000
507,253,1.000000
507,254,1.000000
507,402,1.000000
507,1940,1.000000
507,1931,1.000000
507,1211,1.000000
507,1363,1.000000
507,1941,1.000000
507,1933,1.000000
507,1413,1.000000
507,1176,1.000000
507,1300,1.000000
507,812,1.000000
507,1936,1.000000
507,2508,1.000000
512,172,1.000000
512,240,1.000000
512,756,1.000000
512,1472,1.000000
512,1692,1.000000
515,444,1.000000
515,2464,1.000000
515,623,1.000000
515,2547,1.000000
515,2465,1.000000
515,1102,1.000000
517,2105,1.000000
517,952,1.000000
518,32,1.000000
518,666,1.000000
518,2423,1.000000
518,1373,1.000000
519,387,1.000000
522,2097,1.000000
523,429,1.000000
523,949,1.000000
523,2406,1.000000
525,347,1.000000
525,408,1.000000
525,423,1.000000
525,1628,1.000000
525,2183,1.000000
527,81,1.000000
527,423,1.000000
528,803,1.000000
529,1419,1.000000
529,1417,1.000000
529,2260,1.000000
532,1701,1.000000
532,1863,1.000000
534,227,1.000000
534,933,1.000000
535,2641,1.000000
535,2392,1.000000
536,1894,1.000000
536,567,1.000000
537,145,1.000000
537,2192,1.000000
537,1698,1.000000
537,1593,1.000000
537,1165,1.000000
539,1616,1.000000
539,711,1.000000
539,2155,1.000000
540,67,1.000000
540,113,1.000000
540,1441,1.000000
540,2527,1.000000
540,747,1.000000
541,107,1.000000
541,904,1.000000
541,647,1.000000
541,1896,1.000000
541,1360,1.000000
541,1022,1.000000
543,65,1.000000
543,984,1.000000
544,74,1.000000
544,2052,1.000000
544,1580,1.000000
548,843,1.000000
550,93,1.000000
551,231,1.000000
551,2388,1.000000
553,366,1.000000
553,1127,1.000000
553,745,1.000000
554,118,1.000000
554,306,1.000000
554,685,1.000000
559,472,1.000000
559,1182,1.000000
559,1579,1.000000
560,2526,1.000000
560,774,1.000000
561,1016,1.000000
562,1483,1.000000
562,1735,1.000000
562,704,1.000000
562,2450,1.000000
564,189,1.000000
564,1262,1.000000
564,2476,1.000000
565,2279,1.000000
565,1038,1.000000
566,1986,1.000000
566,1907,1.000000
567,110,1.000000
567,536,1.000000
567,760,1.000000
567,1262,1.000000
567,631,1.000000
567,1513,1.000000
569,1759,1.000000
569,2512,1.000000
570,201,1.000000
570,2430,1.000000
572,1416,1.000000
572,2025,1.000000
572,2418,1.000000
573,1313,1.000000
574,1692,1.000000
574,576,1.000000
574,2001,1.000000
576,503,1.000000
576,574,1.000000
576,1810,1.000000
576,665,1.000000
576,2348,1.000000
578,1879,1.000000
578,1974,1.000000
578,1105,1.000000
579,1808,1.000000
579,994,1.000000
579,1134,1.000000
580,744,1.000000
581,118,1.000000
581,306,1.000000
581,454,1.000000
581,1623,1.000000
581,1792,1.000000
581,1616,1.000000
582,140,1.000000
582,444,1.000000
582,2548,1.000000
582,2549,1.000000
583,75,1.000000
583,284,1.000000
583,2224,1.000000
583,2225,1.000000
584,340,1.000000
584,623,1.000000
584,2463,1.000000
584,2289,1.000000
584,2464,1.000000
585,2526,1.000000
586,74,1.000000
586,94,1.000000
586,1224,1.000000
586,1218,1.000000
586,2155,1.000000
589,121,1.000000
589,1624,1.000000
589,1158,1.000000
589,980,1.000000
595,2176,1.000000
595,1016,1.000000
595,1256,1.000000
596,41,1.000000
596,175,1.000000
596,496,1.000000
596,1914,1.000000
596,644,1.000000
596,992,1.000000
598,24,1.000000
598,143,1.000000
598,157,1.000000
598,165,1.000000
598,316,1.000000
598,766,1.000000
598,869,1.000000
598,1864,1.000000
598,1821,1.000000
598,1297,1.000000
598,845,1.000000
598,1636,1.000000
598,1870,1.000000
598,1473,1.000000
598,2707,1.000000
599,1271,1.000000
599,1093,1.000000
600,2394,1.000000
603,79,1.000000
603,2045,1.000000
603,716,1.000000
603,1248,1.000000
603,795,1.000000
603,1821,1.000000
603,1873,1.000000
604,69,1.000000
604,1914,1.000000
604,1652,1.000000
604,1351,1.000000
604,2109,1.000000
607,298,1.000000
607,1213,1.000000
607,1664,1.000000
609,883,1.000000
610,114,1.000000
610,2288,1.000000
610,826,1.000000
614,1475,1.000000
614,2470,1.000000
614,888,1.000000
617,2034,1.000000
619,65,1.000000
619,239,1.000000
622,1951,1.000000
622,1952,1.000000
622,1002,1.000000
622,886,1.000000
623,140,1.000000
623,444,1.000000
623,515,1.000000
623,584,1.000000
623,2464,1.000000
623,2289,1.000000
624,1042,1.000000
624,1232,1.000000
628,1764,1.000000
628,1169,1.000000
630,973,1.000000
631,567,1.000000
631,2358,1.000000
632,1430,1.000000
633,0,1.000000
633,1701,1.000000
633,1866,1.000000
634,300,1.000000
634,2227,1.000000
635,2058,1.000000
636,2233,1.000000
638,271,1.000000
638,783,1.000000
638,2387,1.000000
638,893,1.000000
638,924,1.000000
640,395,1.000000
640,2420,1.000000
640,894,1.000000
640,765,1.000000
640,1090,1.000000
640,1598,1.000000
644,41,1.000000
644,596,1.000000
644,711,1.000000
644,728,1.000000
645,1824,1.000000
645,1898,1.000000
645,1899,1.000000
645,1495,1.000000
645,950,1.000000
645,1901,1.000000
646,119,1.000000
647,468,1.000000
647,541,1.000000
647,904,1.000000
647,1360,1.000000
651,1984,1.000000
653,1231,1.000000
656,306,1.000000
656,350,1.000000
656,2090,1.000000
659,77,1.000000
659,354,1.000000
659,1803,1.000000
661,97,1.000000
661,344,1.000000
661,1353,1.000000
661,1028,1.000000
661,935,1.000000
661,1879,1.000000
661,1880,1.000000
661,830,1.000000
661,1881,1.000000
661,807,1.000000
661,1883,1.000000
661,1884,1.000000
661,1885,1.000000
662,932,1.000000
664,1701,1.000000
665,397,1.000000
665,576,1.000000
665,2122,1.000000
666,279,1.000000
666,518,1.000000
666,1973,1.000000
666,1850,1.000000
669,729,1.000000
669,1086,1.000000
669,1124,1.000000
671,441,1.000000
671,451,1.000000
671,2025,1.000000
671,973,1.000000
673,1986,1.000000
673,1907,1.000000
674,1907,1.000000
677,954,1.000000
678,377,1.000000
678,733,1.000000
679,1395,1.000000
681,1986,1.000000
681,1445,1.000000
681,1446,1.000000
681,1171,1.000000
682,1224,1.000000
682,973,1.000000
683,2169,1.000000
683,834,1.000000
685,554,1.000000
688,492,1.000000
688,1257,1.000000
691,2034,1.000000
691,2130,1.000000
692,2629,1.000000
693,95,1.000000
693,2108,1.000000
693,763,1.000000
693,1851,1.000000
694,1478,1.000000
694,2516,1.000000
699,1701,1.000000
699,2045,1.000000
699,2327,1.000000
700,1691,1.000000
702,777,1.000000
702,993,1.000000
702,1637,1.000000
702,2101,1.000000
702,1368,1.000000
702,822,1.000000
702,779,1.000000
702,2069,1.000000
702,2070,1.000000
703,2497,1.000000
703,1961,1.000000
703,801,1.000000
704,389,1.000000
704,562,1.000000
704,1483,1.000000
704,969,1.000000
704,2450,1.000000
704,1743,1.000000
704,1412,1.000000
704,2113,1.000000
706,1240,1.000000
706,2238,1.000000
706,963,1.000000
706,2645,1.000000
707,763,1.000000
709,1896,1.000000
709,1903,1.000000
710,51,1.000000
710,2213,1.000000
710,1392,1.000000
711,252,1.000000
711,414,1.000000
711,496,1.000000
711,539,1.000000
711,644,1.000000
711,2111,1.000000
711,1285,1.000000
711,2112,1.000000
711,2113,1.000000
712,1464,1.000000
712,850,1.000000
713,1044,1.000000
715,2291,1.000000
716,603,1.000000
716,1810,1.000000
716,1821,1.000000
716,2409,1.000000
718,437,1.000000
718,438,1.000000
718,1416,1.000000
718,2059,1.000000
718,2261,1.000000
719,303,1.000000
720,371,1.000000
720,392,1.000000
720,1441,1.000000
723,9,1.000000
723,2614,1.000000
725,440,1.000000
725,1652,1.000000
725,2071,1.000000
725,1137,1.000000
726,177,1.000000
726,2671,1.000000
726,1533,1.000000
728,644,1.000000
728,1296,1.000000
728,2388,1.000000
728,2553,1.000000
728,1070,1.000000
729,669,1.000000
729,1701,1.000000
732,296,1.000000
732,2685,1.000000
733,94,1.000000
733,218,1.000000
733,377,1.000000
733,383,1.000000
733,401,1.000000
733,678,1.000000
733,1265,1.000000
733,759,1.000000
733,1817,1.000000
733,1294,1.000000
733,1160,1.000000
733,2304,1.000000
733,794,1.000000
733,2268,1.000000
733,862,1.000000
734,95,1.000000
734,408,1.000000
734,1841,1.000000
734,2056,1.000000
734,751,1.000000
734,2202,1.000000
735,1881,1.000000
735,2060,1.000000
735,1237,1.000000
735,1543,1.000000
736,1841,1.000000
736,1631,1.000000
736,751,1.000000
736,2202,1.000000
737,88,1.000000
737,415,1.000000
737,1974,1.000000
737,1630,1.000000
737,2136,1.000000
739,1881,1.000000
739,1543,1.000000
739,1237,1.000000
742,1483,1.000000
742,1743,1.000000
742,1620,1.000000
744,223,1.000000
744,580,1.000000
744,1358,1.000000
744,1154,1.000000
745,366,1.000000
745,553,1.000000
745,1986,1.000000
745,1127,1.000000
747,113,1.000000
747,282,1.000000
747,540,1.000000
747,1538,1.000000
748,2553,1.000000
750,1441,1.000000
751,734,1.000000
751,736,1.000000
751,1204,1.000000
751,2198,1.000000
751,2202,1.000000
752,957,1.000000
752,2083,1.000000
752,2451,1.000000
753,1880,1.000000
753,1269,1.000000
754,1358,1.000000
754,1483,1.000000
754,2450,1.000000
755,1898,1.000000
755,2071,1.000000
755,1277,1.000000
756,172,1.000000
756,240,1.000000
756,256,1.000000
756,512,1.000000
756,2186,1.000000
756,2187,1.000000
756,1469,1.000000
756,1472,1.000000
756,1692,1.000000
759,733,1.000000
759,1703,1.000000
760,567,1.000000
760,2459,1.000000
760,1513,1.000000
760,2460,1.000000
760,985,1.000000
761,1401,1.000000
761,1443,1.000000
763,693,1.000000
763,707,1.000000
763,1635,1.000000
765,640,1.000000
765,2367,1.000000
765,1147,1.000000
766,316,1.000000
766,598,1.000000
766,1297,1.000000
766,1868,1.000000
766,845,1.000000
767,54,1.000000
767,1701,1.000000
767,873,1.000000
767,2314,1.000000
770,2117,1.000000
770,1894,1.000000
771,55,1.000000
771,65,1.000000
771,1080,1.000000
771,1156,1.000000
774,560,1.000000
775,171,1.000000
775,180,1.000000
775,2075,1.000000
776,402,1.000000
776,1413,1.000000
776,1542,1.000000
777,702,1.000000
778,1914,1.000000
778,1224,1.000000
778,1370,1.000000
778,779,1.000000
778,1919,1.000000
779,702,1.000000
779,778,1.000000
779,1914,1.000000
779,1973,1.000000
779,1224,1.000000
779,1370,1.000000
779,1592,1.000000
779,1919,1.000000
783,638,1.000000
783,1061,1.000000
783,2376,1.000000
783,893,1.000000
783,1143,1.000000
787,55,1.000000
787,325,1.000000
787,438,1.000000
788,1952,1.000000
788,1031,1.000000
790,171,1.000000
790,180,1.000000
790,482,1.000000
790,1810,1.000000
790,1548,1.000000
791,180,1.000000
791,2034,1.000000
791,2130,1.000000
793,1896,1.000000
793,1902,1.000000
793,1903,1.000000
793,2592,1.000000
794,429,1.000000
794,733,1.000000
794,1160,1.000000
794,1590,1.000000
794,863,1.000000
795,603,1.000000
795,1810,1.000000
795,1645,1.000000
801,703,1.000000
801,1470,1.000000
801,1961,1.000000
801,2516,1.000000
802,121,1.000000
802,1307,1.000000
803,528,1.000000
803,2100,1.000000
804,1307,1.000000
807,661,1.000000
807,1955,1.000000
807,1226,1.000000
807,1956,1.000000
808,924,1.000000
812,251,1.000000
812,507,1.000000
812,1413,1.000000
812,1542,1.000000
812,1300,1.000000
813,339,1.000000
813,2376,1.000000
821,222,1.000000
822,702,1.000000
822,1973,1.000000
824,1831,1.000000
826,490,1.000000
826,610,1.000000
826,2528,1.000000
827,1921,1.000000
828,444,1.000000
828,1795,1.000000
828,2464,1.000000
829,1816,1.000000
830,661,1.000000
830,1914,1.000000
830,2100,1.000000
831,136,1.000000
831,1358,1.000000
831,1638,1.000000
831,1733,1.000000
832,2600,1.000000
833,178,1.000000
833,207,1.000000
833,345,1.000000
833,2036,1.000000
833,2495,1.000000
834,131,1.000000
834,683,1.000000
834,2168,1.000000
834,876,1.000000
835,1134,1.000000
836,1343,1.000000
836,2403,1.000000
837,1422,1.000000
837,2670,1.000000
837,2248,1.000000
838,242,1.000000
838,270,1.000000
838,279,1.000000
838,868,1.000000
838,1131,1.000000
838,2280,1.000000
839,485,1.000000
843,505,1.000000
843,548,1.000000
843,2339,1.000000
843,2542,1.000000
845,316,1.000000
845,598,1.000000
845,766,1.000000
847,2189,1.000000
847,2422,1.000000
848,1373,1.000000
848,985,1.000000
850,712,1.000000
850,1464,1.000000
850,2278,1.000000
852,1800,1.000000
854,344,1.000000
854,935,1.000000
854,1884,1.000000
856,2248,1.000000
856,1390,1.000000
859,487,1.000000
859,2096,1.000000
859,1030,1.000000
859,1199,1.000000
860,1427,1.000000
860,1527,1.000000
860,1758,1.000000
862,38,1.000000
862,733,1.000000
863,38,1.000000
863,429,1.000000
863,794,1.000000
863,1160,1.000000
863,1590,1.000000
864,104,1.000000
864,2210,1.000000
864,1065,1.000000
866,40,1.000000
866,1049,1.000000
868,838,1.000000
868,988,1.000000
868,1341,1.000000
868,1195,1.000000
868,2276,1.000000
868,1844,1.000000
868,2099,1.000000
868,1526,1.000000
869,232,1.000000
869,598,1.000000
869,1701,1.000000
869,1440,1.000000
869,1864,1.000000
872,1413,1.000000
872,1542,1.000000
872,1340,1.000000
873,767,1.000000
874,1701,1.000000
875,310,1.000000
875,1945,1.000000
875,1950,1.000000
875,1942,1.000000
875,914,1.000000
876,834,1.000000
876,2168,1.000000
877,1413,1.000000
877,1542,1.000000
877,1177,1.000000
877,1176,1.000000
877,1935,1.000000
877,1300,1.000000
879,397,1.000000
879,1558,1.000000
881,1199,1.000000
881,1155,1.000000
883,227,1.000000
883,933,1.000000
884,89,1.000000
884,152,1.000000
885,2386,1.000000
886,622,1.000000
886,1400,1.000000
887,239,1.000000
887,306,1.000000
887,1623,1.000000
887,1624,1.000000
887,910,1.000000
888,614,1.000000
888,1475,1.000000
888,1556,1.000000
889,1831,1.000000
892,310,1.000000
892,1950,1.000000
893,783,1.000000
894,640,1.000000
894,2367,1.000000
894,1845,1.000000
895,35,1.000000
895,440,1.000000
895,1187,1.000000
895,1296,1.000000
895,1913,1.000000
896,465,1.000000
897,1983,1.000000
897,1156,1.000000
898,92,1.000000
898,1835,1.000000
898,1836,1.000000
898,2160,1.000000
901,2186,1.000000
901,1042,1.000000
903,446,1.000000
903,2030,1.000000
903,2031,1.000000
904,132,1.000000
904,379,1.000000
904,541,1.000000
904,647,1.000000
904,1360,1.000000
904,1959,1.000000
904,1312,1.000000
905,389,1.000000
905,1483,1.000000
905,1282,1.000000
905,1620,1.000000
907,1351,1.000000
907,1916,1.000000
909,445,1.000000
910,887,1.000000
914,150,1.000000
914,875,1.000000
916,1026,1.000000
917,2639,1.000000
919,1358,1.000000
920,316,1.000000
920,1893,1.000000
921,1914,1.000000
921,2134,1.000000
921,2293,1.000000
922,1307,1.000000
922,1406,1.000000
924,638,1.000000
924,808,1.000000
924,2383,1.000000
926,1862,1.000000
927,17,1.000000
927,2140,1.000000
927,1316,1.000000
928,327,1.000000
928,2063,1.000000
928,1326,1.000000
932,662,1.000000
933,534,1.000000
933,883,1.000000
933,1038,1.000000
934,94,1.000000
934,2356,1.000000
935,451,1.000000
935,661,1.000000
935,854,1.000000
935,973,1.000000
935,1873,1.000000
936,2641,1.000000
937,2096,1.000000
942,1952,1.000000
942,1924,1.000000
945,1512,1.000000
946,1966,1.000000
946,2623,1.000000
949,523,1.000000
950,93,1.000000
950,437,1.000000
950,645,1.000000
952,517,1.000000
952,2546,1.000000
954,677,1.000000
954,1112,1.000000
955,175,1.000000
955,1914,1.000000
955,1482,1.000000
956,492,1.000000
956,2677,1.000000
957,752,1.000000
957,1358,1.000000
957,1154,1.000000
962,1806,1.000000
962,1665,1.000000
962,1807,1.000000
962,1808,1.000000
963,29,1.000000
963,43,1.000000
963,258,1.000000
963,1141,1.000000
963,2399,1.000000
963,2400,1.000000
963,1417,1.000000
963,2240,1.000000
963,1157,1.000000
963,1094,1.000000
963,1443,1.000000
964,2198,1.000000
967,2659,1.000000
969,704,1.000000
969,1483,1.000000
969,1735,1.000000
969,2450,1.000000
969,1743,1.000000
971,107,1.000000
971,1650,1.000000
972,2580,1.000000
973,115,1.000000
973,176,1.000000
973,252,1.000000
973,306,1.000000
973,454,1.000000
973,630,1.000000
973,671,1.000000
973,682,1.000000
973,935,1.000000
973,1072,1.000000
973,2153,1.000000
973,1583,1.000000
973,2016,1.000000
975,2097,1.000000
977,1281,1.000000
980,121,1.000000
980,589,1.000000
980,1623,1.000000
980,1367,1.000000
982,2175,1.000000
982,2176,1.000000
982,1458,1.000000
982,1091,1.000000
982,1256,1.000000
983,2130,1.000000
984,543,1.000000
984,2265,1.000000
985,760,1.000000
985,848,1.000000
985,1358,1.000000
985,1149,1.000000
985,1073,1.000000
988,868,1.000000
989,2285,1.000000
989,1645,1.000000
989,1507,1.000000
989,2436,1.000000
990,310,1.000000
990,1542,1.000000
990,1054,1.000000
991,307,1.000000
992,496,1.000000
992,596,1.000000
993,702,1.000000
993,2155,1.000000
994,579,1.000000
994,2309,1.000000
996,368,1.000000
996,428,1.000000
996,2248,1.000000
996,2518,1.000000
996,1257,1.000000
996,1135,1.000000
997,182,1.000000
997,183,1.000000
997,1837,1.000000
1001,12,1.000000
1001,2662,1.000000
1002,622,1.000000
1002,1952,1.000000
1003,1373,1.000000
1008,1416,1.000000
1008,2059,1.000000
1008,1922,1.000000
1008,2575,1.000000
1010,443,1.000000
1010,1966,1.000000
1013,69,1.000000
1013,181,1.000000
1013,471,1.000000
1013,506,1.000000
1013,836,1.000000
1013,1840,1.000000
1013,1841,1.000000
1013,1521,1.000000
1013,1403,1.000000
1013,1293,1.000000
1013,1844,1.000000
1013,1845,1.000000
1013,1583,1.000000
1013,1120,1.000000
1013,1846,1.000000
1013,1675,1.000000
1013,1847,1.000000
1013,1848,1.000000
1013,1849,1.000000
1013,1464,1.000000
1013,1850,1.000000
1013,1851,1.000000
1013,1661,1.000000
1015,1618,1.000000
1015,1519,1.000000
1015,1143,1.000000
1015,2263,1.000000
1016,4,1.000000
1016,561,1.000000
1016,595,1.000000
1016,2176,1.000000
1016,1256,1.000000
1020,180,1.000000
1020,218,1.000000
1020,2075,1.000000
1020,2077,1.000000
1020,2667,1.000000
1022,132,1.000000
1022,379,1.000000
1022,541,1.000000
1022,1961,1.000000
1022,1168,1.000000
1022,1962,1.000000
1025,373,1.000000
1025,1042,1.000000
1026,916,1.000000
1026,2034,1.000000
1026,1303,1.000000
1026,2531,1.000000
1028,661,1.000000
1029,118,1.000000
1029,2166,1.000000
1030,859,1.000000
1031,48,1.000000
1031,788,1.000000
1031,1952,1.000000
1036,2562,1.000000
1038,565,1.000000
1038,933,1.000000
1038,1358,1.000000
1038,2503,1.000000
1042,6,1.000000
1042,74,1.000000
1042,373,1.000000
1042,485,1.000000
1042,624,1.000000
1042,901,1.000000
1042,1025,1.000000
1042,1628,1.000000
1042,1198,1.000000
1042,1118,1.000000
1042,2198,1.000000
1042,1517,1.000000
1042,1926,1.000000
1042,2052,1.000000
1042,2333,1.000000
1044,713,1.000000
1046,91,1.000000
1046,2336,1.000000
1046,2587,1.000000
1046,2387,1.000000
1046,1510,1.000000
1047,2333,1.000000
1048,462,1.000000
1049,866,1.000000
1049,1894,1.000000
1049,2610,1.000000
1049,1432,1.000000
1050,194,1.000000
1050,2564,1.000000
1050,1342,1.000000
1052,1701,1.000000
1053,229,1.000000
1053,1405,1.000000
1054,990,1.000000
1054,1950,1.000000
1054,1577,1.000000
1054,1099,1.000000
1054,1605,1.000000
1054,1432,1.000000
1056,167,1.000000
1056,2482,1.000000
1057,2409,1.000000
1058,1195,1.000000
1061,783,1.000000
1061,1196,1.000000
1061,2376,1.000000
1065,104,1.000000
1065,401,1.000000
1065,864,1.000000
1065,2211,1.000000
1065,1096,1.000000
1067,2307,1.000000
1069,239,1.000000
1070,728,1.000000
1070,1358,1.000000
1070,1470,1.000000
1070,1072,1.000000
1071,2248,1.000000
1071,2671,1.000000
1071,1257,1.000000
1071,1135,1.000000
1072,20,1.000000
1072,189,1.000000
1072,306,1.000000
1072,342,1.000000
1072,417,1.000000
1072,945,1.000000
1072,973,1.000000
1072,1070,1.000000
1072,1358,1.000000
1072,1483,1.000000
1072,1799,1.000000
1072,1478,1.000000
1072,1262,1.000000
1072,1800,1.000000
1072,1733,1.000000
1072,1802,1.000000
1072,1803,1.000000
1072,1804,1.000000
1073,316,1.000000
1073,985,1.000000
1073,2163,1.000000
1074,1501,1.000000
1074,1675,1.000000
1074,1676,1.000000
1076,116,1.000000
1077,389,1.000000
1077,1483,1.000000
1077,2450,1.000000
1077,2113,1.000000
1079,1218,1.000000
1080,149,1.000000
1080,771,1.000000
1080,2344,1.000000
1083,1232,1.000000
1084,1213,1.000000
1086,669,1.000000
1086,2247,1.000000
1086,1124,1.000000
1087,89,1.000000
1087,2434,1.000000
1090,15,1.000000
1090,640,1.000000
1090,2367,1.000000
1090,1271,1.000000
1090,1093,1.000000
1090,1147,1.000000
1090,1598,1.000000
1091,982,1.000000
1091,2176,1.000000
1091,1256,1.000000
1093,15,1.000000
1093,599,1.000000
1093,1090,1.000000
1093,2367,1.000000
1093,1271,1.000000
1093,1598,1.000000
1094,89,1.000000
1094,258,1.000000
1094,963,1.000000
1094,1369,1.000000
1094,1443,1.000000
1094,1653,1.000000
1095,298,1.000000
1096,397,1.000000
1096,401,1.000000
1099,1054,1.000000
1099,1577,1.000000
1099,1607,1.000000
1102,515,1.000000
1102,2464,1.000000
1102,2290,1.000000
1102,1207,1.000000
1102,2465,1.000000
1103,1520,1.000000
1103,1887,1.000000
1103,1888,1.000000
1103,1748,1.000000
1103,1760,1.000000
1105,578,1.000000
1109,2671,1.000000
1109,1533,1.000000
1109,2674,1.000000
1109,2675,1.000000
1110,2025,1.000000
1110,1224,1.000000
1110,2295,1.000000
1110,1120,1.000000
1112,954,1.000000
1113,107,1.000000
1113,1650,1.000000
1114,1717,1.000000
1114,2560,1.000000
1115,2276,1.000000
1115,1529,1.000000
1118,74,1.000000
1118,1042,1.000000
1118,1416,1.000000
1118,2155,1.000000
1120,1013,1.000000
1120,1110,1.000000
1120,2025,1.000000
1120,1583,1.000000
1121,2136,1.000000
1121,1131,1.000000
1121,1655,1.000000
1124,669,1.000000
1124,1086,1.000000
1127,553,1.000000
1127,745,1.000000
1127,1986,1.000000
1127,1583,1.000000
1128,1441,1.000000
1128,1954,1.000000
1128,2275,1.000000
1131,242,1.000000
1131,490,1.000000
1131,836,1.000000
1131,838,1.000000
1131,1121,1.000000
1131,1224,1.000000
1131,1538,1.000000
1131,2280,1.000000
1131,1500,1.000000
1131,2281,1.000000
1131,1930,1.000000
1131,1215,1.000000
1131,1133,1.000000
1131,2185,1.000000
1131,1655,1.000000
1131,2155,1.000000
1133,1131,1.000000
1133,1538,1.000000
1133,1500,1.000000
1133,2185,1.000000
1134,579,1.000000
1134,835,1.000000
1134,2296,1.000000
1135,996,1.000000
1135,1071,1.000000
1135,2671,1.000000
1135,1257,1.000000
1135,2678,1.000000
1135,2518,1.000000
1135,2248,1.000000
1137,725,1.000000
1140,476,1.000000
1141,963,1.000000
1141,2294,1.000000
1143,783,1.000000
1143,1015,1.000000
1143,2155,1.000000
1143,2376,1.000000
1143,1618,1.000000
1144,1623,1.000000
1144,1245,1.000000
1146,36,1.000000
1146,1505,1.000000
1146,1506,1.000000
1146,2254,1.000000
1147,395,1.000000
1147,765,1.000000
1147,1090,1.000000
1147,2367,1.000000
1147,2371,1.000000
1147,1598,1.000000
1149,985,1.000000
1149,1358,1.000000
1149,1986,1.000000
1149,1894,1.000000
1151,2700,1.000000
1151,2570,1.000000
1153,258,1.000000
1153,1401,1.000000
1154,223,1.000000
1154,744,1.000000
1154,957,1.000000
1154,1358,1.000000
1154,2514,1.000000
1155,881,1.000000
1155,1229,1.000000
1156,55,1.000000
1156,65,1.000000
1156,771,1.000000
1156,897,1.000000
1157,89,1.000000
1157,963,1.000000
1157,2240,1.000000
1157,2463,1.000000
1158,121,1.000000
1158,589,1.000000
1158,1635,1.000000
1158,2251,1.000000
1158,2252,1.000000
1160,38,1.000000
1160,401,1.000000
1160,733,1.000000
1160,794,1.000000
1160,863,1.000000
1160,2268,1.000000
1161,110,1.000000
1165,145,1.000000
1165,537,1.000000
1165,1593,1.000000
1168,1022,1.000000
1168,1955,1.000000
1169,748,1.000000
1169,1719,1.000000
1169,1720,1.000000
1169,1731,1.000000
1169,1734,1.000000
1169,1737,1.000000
1169,1358,1.000000
1169,2476,1.000000
1171,681,1.000000
1171,1855,1.000000
1171,1355,1.000000
1171,1295,1.000000
1172,304,1.000000
1172,467,1.000000
1176,295,1.000000
1176,507,1.000000
1176,877,1.000000
1176,1542,1.000000
1176,1935,1.000000
1177,295,1.000000
1177,877,1.000000
1177,1542,1.000000
1177,1935,1.000000
1178,1984,1.000000
1178,2350,1.000000
1178,1908,1.000000
1178,1529,1.000000
1182,472,1.000000
1182,559,1.000000
1182,1183,1.000000
1182,1579,1.000000
1183,472,1.000000
1183,1182,1.000000
1183,1824,1.000000
1183,1825,1.000000
1183,1354,1.000000
1183,1579,1.000000
1184,2100,1.000000
1184,1190,1.000000
1185,278,1.000000
1185,1992,1.000000
1185,2358,1.000000
1185,2589,1.000000
1185,2590,1.000000
1185,2349,1.000000
1185,1460,1.000000
1187,895,1.000000
1187,1188,1.000000
1188,1187,1.000000
1190,1184,1.000000
1191,2241,1.000000
1191,1558,1.000000
1191,2339,1.000000
1194,368,1.000000
1194,2670,1.000000
1194,1366,1.000000
1195,270,1.000000
1195,279,1.000000
1195,868,1.000000
1195,1058,1.000000
1196,1061,1.000000
1198,1042,1.000000
1199,859,1.000000
1199,881,1.000000
1199,1599,1.000000
1201,457,1.000000
1201,2533,1.000000
1201,2214,1.000000
1202,2336,1.000000
1203,1215,1.000000
1204,751,1.000000
1204,1330,1.000000
1204,1602,1.000000
1206,2671,1.000000
1206,1257,1.000000
1207,1102,1.000000
1207,2464,1.000000
1207,2290,1.000000
1209,64,1.000000
1209,1358,1.000000
1209,1737,1.000000
1211,254,1.000000
1211,507,1.000000
1213,607,1.000000
1213,1084,1.000000
1213,1290,1.000000
1215,270,1.000000
1215,1131,1.000000
1215,1203,1.000000
1215,1894,1.000000
1218,586,1.000000
1218,1079,1.000000
1218,1927,1.000000
1218,2116,1.000000
1220,239,1.000000
1221,1949,1.000000
1221,1607,1.000000
1224,586,1.000000
1224,682,1.000000
1224,778,1.000000
1224,779,1.000000
1224,1110,1.000000
1224,2151,1.000000
1224,1341,1.000000
1224,2153,1.000000
1224,1370,1.000000
1224,1583,1.000000
1224,1919,1.000000
1224,1526,1.000000
1224,1848,1.000000
1224,1851,1.000000
1226,807,1.000000
1226,1955,1.000000
1226,2528,1.000000
1226,1956,1.000000
1228,186,1.000000
1228,2580,1.000000
1228,1536,1.000000
1229,1155,1.000000
1229,1308,1.000000
1229,1506,1.000000
1229,1749,1.000000
1229,1384,1.000000
1230,1342,1.000000
1231,653,1.000000
1232,624,1.000000
1232,1083,1.000000
1236,2479,1.000000
1237,735,1.000000
1237,739,1.000000
1237,1958,1.000000
1240,258,1.000000
1240,706,1.000000
1240,2237,1.000000
1240,1702,1.000000
1240,1443,1.000000
1241,310,1.000000
1241,1701,1.000000
1241,1950,1.000000
1245,306,1.000000
1245,1144,1.000000
1247,1679,1.000000
1248,603,1.000000
1248,2045,1.000000
1249,1483,1.000000
1254,1308,1.000000
1255,198,1.000000
1255,2248,1.000000
1256,4,1.000000
1256,595,1.000000
1256,982,1.000000
1256,1016,1.000000
1256,1091,1.000000
1256,2176,1.000000
1256,1761,1.000000
1256,2175,1.000000
1257,428,1.000000
1257,492,1.000000
1257,688,1.000000
1257,996,1.000000
1257,1071,1.000000
1257,1135,1.000000
1257,1206,1.000000
1257,2248,1.000000
1257,2677,1.000000
1257,2678,1.000000
1257,2518,1.000000
1257,2671,1.000000
1257,2673,1.000000
1257,2679,1.000000
1257,2249,1.000000
1259,356,1.000000
1259,2342,1.000000
1261,2130,1.000000
1262,110,1.000000
1262,189,1.000000
1262,564,1.000000
1262,567,1.000000
1262,1072,1.000000
1262,1509,1.000000
1264,248,1.000000
1264,443,1.000000
1264,1531,1.000000
1265,377,1.000000
1265,733,1.000000
1265,2291,1.000000
1266,255,1.000000
1266,1984,1.000000
1266,1529,1.000000
1269,753,1.000000
1269,1880,1.000000
1269,1630,1.000000
1271,15,1.000000
1271,599,1.000000
1271,1090,1.000000
1271,1093,1.000000
1271,2367,1.000000
1272,310,1.000000
1272,1945,1.000000
1272,1950,1.000000
1272,1947,1.000000
1276,1962,1.000000
1277,755,1.000000
1278,2305,1.000000
1278,2268,1.000000
1278,2306,1.000000
1281,977,1.000000
1281,1358,1.000000
1281,1746,1.000000
1281,1748,1.000000
1282,905,1.000000
1282,1483,1.000000
1282,1735,1.000000
1285,711,1.000000
1285,2182,1.000000
1289,1705,1.000000
1289,1622,1.000000
1290,212,1.000000
1290,1213,1.000000
1290,2258,1.000000
1293,65,1.000000
1293,1013,1.000000
1293,2418,1.000000
1294,352,1.000000
1294,733,1.000000
1295,1171,1.000000
1295,1987,1.000000
1296,35,1.000000
1296,440,1.000000
1296,728,1.000000
1296,895,1.000000
1296,1910,1.000000
1296,1913,1.000000
1297,316,1.000000
1297,598,1.000000
1297,766,1.000000
1298,2703,1.000000
1300,251,1.000000
1300,507,1.000000
1300,812,1.000000
1300,877,1.000000
1300,1542,1.000000
1300,2508,1.000000
1300,1941,1.000000
1300,1940,1.000000
1300,1933,1.000000
1301,2140,1.000000
1301,1316,1.000000
1301,1315,1.000000
1303,1026,1.000000
1303,2163,1.000000
1307,802,1.000000
1307,804,1.000000
1307,922,1.000000
1307,2536,1.000000
1308,1229,1.000000
1308,1254,1.000000
1308,1627,1.000000
1309,415,1.000000
1309,2102,1.000000
1309,2103,1.000000
1309,1338,1.000000
1309,2015,1.000000
1310,2692,1.000000
1311,468,1.000000
1311,2080,1.000000
1311,1312,1.000000
1311,1313,1.000000
1312,904,1.000000
1312,1311,1.000000
1312,1313,1.000000
1313,468,1.000000
1313,573,1.000000
1313,1311,1.000000
1313,1312,1.000000
1315,17,1.000000
1315,1301,1.000000
1316,17,1.000000
1316,927,1.000000
1316,1301,1.000000
1316,1679,1.000000
1317,1719,1.000000
1317,1720,1.000000
1318,12,1.000000
1318,2661,1.000000
1318,2662,1.000000
1319,186,1.000000
1319,2034,1.000000
1322,63,1.000000
1322,2265,1.000000
1325,298,1.000000
1325,2247,1.000000
1325,2063,1.000000
1326,928,1.000000
1326,2063,1.000000
1327,495,1.000000
1327,2161,1.000000
1327,1328,1.000000
1328,495,1.000000
1328,1327,1.000000
1328,2160,1.000000
1330,1204,1.000000
1330,1837,1.000000
1331,310,1.000000
1331,1810,1.000000
1331,1576,1.000000
1333,2312,1.000000
1334,1941,1.000000
1338,1309,1.000000
1338,2385,1.000000
1338,1912,1.000000
1340,872,1.000000
1340,1413,1.000000
1340,1542,1.000000
1340,1943,1.000000
1341,868,1.000000
1341,1224,1.000000
1341,2425,1.000000
1342,1050,1.000000
1342,1230,1.000000
1343,118,1.000000
1343,255,1.000000
1343,836,1.000000
1343,2316,1.000000
1343,2165,1.000000
1343,1645,1.000000
1343,1507,1.000000
1348,218,1.000000
1348,1810,1.000000
1348,2163,1.000000
1348,2605,1.000000
1350,1443,1.000000
1351,69,1.000000
1351,262,1.000000
1351,604,1.000000
1351,907,1.000000
1351,2134,1.000000
1351,1592,1.000000
1351,1362,1.000000
1351,1972,1.000000
1351,1535,1.000000
1352,506,1.000000
1353,97,1.000000
1353,661,1.000000
1354,371,1.000000
1354,400,1.000000
1354,1183,1.000000
1354,2270,1.000000
1355,1171,1.000000
1355,1957,1.000000
1357,2025,1.000000
1357,2170,1.000000
1358,580,1.000000
1358,609,1.000000
1358,645,1.000000
1358,744,1.000000
1358,748,1.000000
1358,754,1.000000
1358,831,1.000000
1358,873,1.000000
1358,876,1.000000
1358,919,1.000000
1358,957,1.000000
1358,985,1.000000
1358,1038,1.000000
1358,1070,1.000000
1358,1072,1.000000
1358,1103,1.000000
1358,1149,1.000000
1358,1154,1.000000
1358,1169,1.000000
1358,1209,1.000000
1358,1229,1.000000
1358,1281,1.000000
1358,1709,1.000000
1358,1711,1.000000
1358,1712,1.000000
1358,1562,1.000000
1358,1717,1.000000
1358,1516,1.000000
1358,1646,1.000000
1358,1719,1.000000
1358,1565,1.000000
1358,1720,1.000000
1358,1483,1.000000
1358,1620,1.000000
1358,1726,1.000000
1358,1730,1.000000
1358,1731,1.000000
1358,1733,1.000000
1358,1734,1.000000
1358,1735,1.000000
1358,1737,1.000000
1358,1743,1.000000
1358,1744,1.000000
1358,1746,1.000000
1358,1492,1.000000
1358,1748,1.000000
1358,1471,1.000000
1358,1749,1.000000
1358,1750,1.000000
1358,1599,1.000000
1358,1384,1.000000
1358,1755,1.000000
1358,1758,1.000000
1358,1759,1.000000
1358,1604,1.000000
1358,1760,1.000000
1358,1761,1.000000
1358,1764,1.000000
1358,1766,1.000000
1359,181,1.000000
1359,1914,1.000000
1359,2278,1.000000
1359,1464,1.000000
1360,541,1.000000
1360,647,1.000000
1360,904,1.000000
1360,1902,1.000000
1360,1960,1.000000
1360,1650,1.000000
1360,1904,1.000000
1360,2491,1.000000
1362,1351,1.000000
1362,1914,1.000000
1363,507,1.000000
1363,1413,1.000000
1364,40,1.000000
1365,1703,1.000000
1365,1702,1.000000
1365,2509,1.000000
1365,2519,1.000000
1366,368,1.000000
1366,1194,1.000000
1366,2248,1.000000
1367,306,1.000000
1367,980,1.000000
1367,1196,1.000000
1367,2143,1.000000
1367,1778,1.000000
1367,2080,1.000000
1368,702,1.000000
1368,2553,1.000000
1368,1911,1.000000
1369,1094,1.000000
1369,1653,1.000000
1369,1530,1.000000
1370,778,1.000000
1370,779,1.000000
1370,1224,1.000000
1370,2274,1.000000
1370,1919,1.000000
1370,2485,1.000000
1371,1393,1.000000
1373,518,1.000000
1373,848,1.000000
1373,1003,1.000000
1375,2586,1.000000
1376,2232,1.000000
1377,1840,1.000000
1377,2069,1.000000
1377,2070,1.000000
1377,2388,1.000000
1378,2058,1.000000
1378,2150,1.000000
1378,1544,1.000000
1379,2564,1.000000
1379,1380,1.000000
1380,1379,1.000000
1380,2564,1.000000
1384,1229,1.000000
1384,1358,1.000000
1390,856,1.000000
1390,2681,1.000000
1391,1693,1.000000
1392,51,1.000000
1392,710,1.000000
1392,2212,1.000000
1393,1371,1.000000
1395,679,1.000000
1395,2072,1.000000
1395,2266,1.000000
1395,2189,1.000000
1395,2267,1.000000
1396,2394,1.000000
1396,1399,1.000000
1396,2109,1.000000
1399,1396,1.000000
1399,2227,1.000000
1399,2309,1.000000
1399,2394,1.000000
1399,1501,1.000000
1400,886,1.000000
1400,2698,1.000000
1401,89,1.000000
1401,258,1.000000
1401,761,1.000000
1401,1153,1.000000
1401,1585,1.000000
1402,1482,1.000000
1402,1972,1.000000
1403,465,1.000000
1403,1013,1.000000
1404,2375,1.000000
1405,229,1.000000
1405,1053,1.000000
1405,1894,1.000000
1405,1508,1.000000
1406,922,1.000000
1406,2387,1.000000
1408,370,1.000000
1408,1553,1.000000
1408,1828,1.000000
1409,360,1.000000
1409,1553,1.000000
1409,1828,1.000000
1409,1826,1.000000
1409,1827,1.000000
1412,704,1.000000
1412,1483,1.000000
1412,1735,1.000000
1412,2450,1.000000
1412,1743,1.000000
1413,219,1.000000
1413,251,1.000000
1413,253,1.000000
1413,338,1.000000
1413,402,1.000000
1413,507,1.000000
1413,776,1.000000
1413,812,1.000000
1413,872,1.000000
1413,877,1.000000
1413,1340,1.000000
1413,1363,1.000000
1413,1931,1.000000
1413,1932,1.000000
1413,1933,1.000000
1413,1934,1.000000
1413,1935,1.000000
1413,1936,1.000000
1413,1542,1.000000
1414,370,1.000000
1414,371,1.000000
1414,1415,1.000000
1414,2270,1.000000
1415,370,1.000000
1415,371,1.000000
1415,392,1.000000
1415,1414,1.000000
1415,2269,1.000000
1416,6,1.000000
1416,74,1.000000
1416,149,1.000000
1416,572,1.000000
1416,718,1.000000
1416,1008,1.000000
1416,1118,1.000000
1416,1921,1.000000
1416,1922,1.000000
1416,1924,1.000000
1416,1926,1.000000
1416,1602,1.000000
1417,529,1.000000
1417,963,1.000000
1417,1703,1.000000
1417,2350,1.000000
1417,1529,1.000000
1417,2260,1.000000
1419,529,1.000000
1419,2259,1.000000
1419,2260,1.000000
1420,2396,1.000000
1422,837,1.000000
1427,860,1.000000
1427,1742,1.000000
1427,2446,1.000000
1427,1725,1.000000
1428,2336,1.000000
1430,632,1.000000
1430,1718,1.000000
1432,1049,1.000000
1432,1054,1.000000
1432,1950,1.000000
1432,2663,1.000000
1434,445,1.000000
1434,1986,1.000000
1436,2259,1.000000
1439,200,1.000000
1439,2676,1.000000
1440,869,1.000000
1440,1701,1.000000
1441,50,1.000000
1441,241,1.000000
1441,265,1.000000
1441,371,1.000000
1441,454,1.000000
1441,540,1.000000
1441,720,1.000000
1441,750,1.000000
1441,1128,1.000000
1441,1619,1.000000
1441,2274,1.000000
1441,2275,1.000000
1443,761,1.000000
1443,963,1.000000
1443,1094,1.000000
1443,1240,1.000000
1443,1350,1.000000
1443,2645,1.000000
1443,2399,1.000000
1443,2240,1.000000
1444,2323,1.000000
1445,681,1.000000
1445,1446,1.000000
1446,681,1.000000
1446,1445,1.000000
1449,2681,1.000000
1451,194,1.000000
1451,2564,1.000000
1455,441,1.000000
1455,1537,1.000000
1458,982,1.000000
1460,1185,1.000000
1460,2358,1.000000
1460,2349,1.000000
1464,181,1.000000
1464,262,1.000000
1464,712,1.000000
1464,850,1.000000
1464,1013,1.000000
1464,1359,1.000000
1464,1914,1.000000
1464,1482,1.000000
1464,1683,1.000000
1465,1799,1.000000
1465,1488,1.000000
1469,756,1.000000
1469,1692,1.000000
1469,2349,1.000000
1469,1498,1.000000
1469,2346,1.000000
1469,2358,1.000000
1469,2590,1.000000
1470,801,1.000000
1470,1070,1.000000
1470,1824,1.000000
1470,2553,1.000000
1471,1358,1.000000
1471,1646,1.000000
1472,240,1.000000
1472,512,1.000000
1472,756,1.000000
1472,2187,1.000000
1472,1692,1.000000
1473,165,1.000000
1473,598,1.000000
1473,2707,1.000000
1473,2706,1.000000
1474,2261,1.000000
1475,614,1.000000
1475,888,1.000000
1475,2470,1.000000
1478,694,1.000000
1478,1072,1.000000
1478,1902,1.000000
1482,955,1.000000
1482,1402,1.000000
1482,1464,1.000000
1482,1973,1.000000
1483,306,1.000000
1483,359,1.000000
1483,389,1.000000
1483,562,1.000000
1483,704,1.000000
1483,742,1.000000
1483,754,1.000000
1483,905,1.000000
1483,969,1.000000
1483,1072,1.000000
1483,1077,1.000000
1483,1249,1.000000
1483,1282,1.000000
1483,1358,1.000000
1483,1412,1.000000
1483,2208,1.000000
1483,1620,1.000000
1483,1726,1.000000
1483,1735,1.000000
1483,1743,1.000000
1483,2113,1.000000
1483,2083,1.000000
1484,299,1.000000
1484,2383,1.000000
1484,2498,1.000000
1487,1849,1.000000
1487,2017,1.000000
1487,1501,1.000000
1488,1465,1.000000
1490,306,1.000000
1490,2327,1.000000
1490,2085,1.000000
1492,1358,1.000000
1492,1765,1.000000
1493,429,1.000000
1495,93,1.000000
1495,437,1.000000
1495,645,1.000000
1498,1469,1.000000
1498,2025,1.000000
1498,2349,1.000000
1498,2590,1.000000
1500,1131,1.000000
1500,1133,1.000000
1500,1538,1.000000
1500,2185,1.000000
1501,116,1.000000
1501,1074,1.000000
1501,1399,1.000000
1501,1487,1.000000
1501,1676,1.000000
1504,2209,1.000000
1504,1647,1.000000
1505,36,1.000000
1505,330,1.000000
1505,1146,1.000000
1505,2107,1.000000
1506,1146,1.000000
1506,1229,1.000000
1507,118,1.000000
1507,446,1.000000
1507,989,1.000000
1507,1343,1.000000
1507,1645,1.000000
1507,2436,1.000000
1508,1405,1.000000
1508,2117,1.000000
1508,1894,1.000000
1509,189,1.000000
1509,1262,1.000000
1510,1046,1.000000
1510,2387,1.000000
1511,1519,1.000000
1512,342,1.000000
1512,945,1.000000
1513,567,1.000000
1513,760,1.000000
1513,1830,1.000000
1516,1358,1.000000
1517,74,1.000000
1517,1042,1.000000
1519,147,1.000000
1519,1015,1.000000
1519,1511,1.000000
1519,2335,1.000000
1519,2108,1.000000
1520,83,1.000000
1520,1103,1.000000
1520,1765,1.000000
1520,1750,1.000000
1521,98,1.000000
1521,1013,1.000000
1524,434,1.000000
1524,1693,1.000000
1526,868,1.000000
1526,1224,1.000000
1526,1879,1.000000
1526,2099,1.000000
1526,2425,1.000000
1527,860,1.000000
1527,1668,1.000000
1527,2274,1.000000
1529,1115,1.000000
1529,1178,1.000000
1529,1266,1.000000
1529,1417,1.000000
1529,1984,1.000000
1529,2350,1.000000
1529,1908,1.000000
1530,43,1.000000
1530,89,1.000000
1530,1369,1.000000
1530,2464,1.000000
1530,2240,1.000000
1531,248,1.000000
1531,443,1.000000
1531,1264,1.000000
1531,1889,1.000000
1533,492,1.000000
1533,726,1.000000
1533,1109,1.000000
1533,2671,1.000000
1535,280,1.000000
1535,2293,1.000000
1535,1916,1.000000
1536,186,1.000000
1536,1228,1.000000
1536,2580,1.000000
1536,2702,1.000000
1537,119,1.000000
1537,441,1.000000
1537,1455,1.000000
1538,747,1.000000
1538,1133,1.000000
1538,1500,1.000000
1538,2185,1.000000
1542,219,1.000000
1542,251,1.000000
1542,338,1.000000
1542,402,1.000000
1542,776,1.000000
1542,812,1.000000
1542,872,1.000000
1542,877,1.000000
1542,990,1.000000
1542,1176,1.000000
1542,1177,1.000000
1542,1300,1.000000
1542,1340,1.000000
1542,1413,1.000000
1542,1939,1.000000
1542,1940,1.000000
1542,1931,1.000000
1542,1941,1.000000
1542,1607,1.000000
1542,1942,1.000000
1542,1935,1.000000
1542,1943,1.000000
1542,1936,1.000000
1543,735,1.000000
1543,739,1.000000
1543,2029,1.000000
1543,1881,1.000000
1544,1378,1.000000
1545,368,1.000000
1545,2248,1.000000
1546,2169,1.000000
1546,1804,1.000000
1547,2169,1.000000
1548,171,1.000000
1548,790,1.000000
1549,119,1.000000
1549,1901,1.000000
1549,2286,1.000000
1552,36,1.000000
1552,1778,1.000000
1553,371,1.000000
1553,1408,1.000000
1553,1409,1.000000
1553,1827,1.000000
1556,888,1.000000
1558,879,1.000000
1558,1191,1.000000
1558,2339,1.000000
1562,1358,1.000000
1562,1765,1.000000
1565,1358,1.000000
1565,2365,1.000000
1573,2698,1.000000
1575,473,1.000000
1576,1331,1.000000
1576,1810,1.000000
1577,1054,1.000000
1577,1099,1.000000
1578,2497,1.000000
1579,47,1.000000
1579,559,1.000000
1579,1182,1.000000
1579,1183,1.000000
1579,2029,1.000000
1580,95,1.000000
1580,456,1.000000
1580,544,1.000000
1580,2199,1.000000
1581,310,1.000000
1581,1810,1.000000
1581,1819,1.000000
1583,366,1.000000
1583,1127,1.000000
1583,2025,1.000000
1585,89,1.000000
1585,1401,1.000000
1585,1653,1.000000
1588,2333,1.000000
1590,794,1.000000
1590,863,1.000000
1592,779,1.000000
1592,1351,1.000000
1592,1914,1.000000
1592,2071,1.000000
1592,2485,1.000000
1593,144,1.000000
1593,145,1.000000
1593,213,1.000000
1593,537,1.000000
1593,1165,1.000000
1594,31,1.000000
1598,640,1.000000
1598,1090,1.000000
1598,1093,1.000000
1598,1147,1.000000
1598,2367,1.000000
1599,110,1.000000
1599,1199,1.000000
1599,1358,1.000000
1599,2614,1.000000
1599,2460,1.000000
1601,1750,1.000000
1602,6,1.000000
1602,95,1.000000
1602,100,1.000000
1602,315,1.000000
1602,1204,1.000000
1602,1416,1.000000
1602,2072,1.000000
1604,46,1.000000
1605,1054,1.000000
1605,1950,1.000000
1605,2663,1.000000
1607,1099,1.000000
1607,1221,1.000000
1607,1542,1.000000
1614,210,1.000000
1614,2034,1.000000
1614,1671,1.000000
1615,1665,1.000000
1616,56,1.000000
1616,412,1.000000
1616,447,1.000000
1616,539,1.000000
1616,581,1.000000
1616,1849,1.000000
1619,392,1.000000
1619,1441,1.000000
1619,2269,1.000000
1620,359,1.000000
1620,742,1.000000
1620,905,1.000000
1620,1358,1.000000
1620,1483,1.000000
1620,2450,1.000000
1622,1289,1.000000
1622,2425,1.000000
1623,581,1.000000
1623,887,1.000000
1623,980,1.000000
1623,1144,1.000000
1623,1778,1.000000
1623,1781,1.000000
1623,1782,1.000000
1624,589,1.000000
1624,887,1.000000
1624,1778,1.000000
1626,210,1.000000
1627,1308,1.000000
1628,1635,1.000000
1628,2056,1.000000
1630,737,1.000000
1630,1269,1.000000
1630,2227,1.000000
1631,736,1.000000
1631,2196,1.000000
1634,2393,1.000000
1635,763,1.000000
1635,1158,1.000000
1635,1628,1.000000
1635,2383,1.000000
1636,24,1.000000
1636,598,1.000000
1636,1701,1.000000
1636,2139,1.000000
1636,2141,1.000000
1637,702,1.000000
1637,1973,1.000000
1638,831,1.000000
1639,177,1.000000
1639,2679,1.000000
1640,36,1.000000
1640,306,1.000000
1640,350,1.000000
1645,795,1.000000
1645,989,1.000000
1645,1343,1.000000
1645,1507,1.000000
1646,1358,1.000000
1646,1471,1.000000
1647,108,1.000000
1647,1504,1.000000
1647,2160,1.000000
1647,2209,1.000000
1649,94,1.000000
1650,107,1.000000
1650,971,1.000000
1650,1113,1.000000
1650,1360,1.000000
1652,498,1.000000
1652,604,1.000000
1652,725,1.000000
1652,1972,1.000000
1652,1848,1.000000
1653,43,1.000000
1653,89,1.000000
1653,1094,1.000000
1653,1369,1.000000
1653,1585,1.000000
1655,149,1.000000
1655,2136,1.000000
1661,109,1.000000
1661,454,1.000000
1661,1013,1.000000
1661,1851,1.000000
1662,48,1.000000
1662,1666,1.000000
1662,2381,1.000000
1662,2398,1.000000
1664,607,1.000000
1665,962,1.000000
1665,1615,1.000000
1665,1701,1.000000
1665,2034,1.000000
1666,1662,1.000000
1666,2381,1.000000
1668,355,1.000000
1668,1527,1.000000
1670,303,1.000000
1670,308,1.000000
1671,210,1.000000
1671,1614,1.000000
1671,2136,1.000000
1672,186,1.000000
1673,2660,1.000000
1675,1013,1.000000
1675,1074,1.000000
1675,1914,1.000000
1675,1676,1.000000
1676,1074,1.000000
1676,1501,1.000000
1676,1675,1.000000
1676,1914,1.000000
1676,1975,1.000000
1679,1247,1.000000
1679,1316,1.000000
1679,2140,1.000000
1680,2056,1.000000
1680,2576,1.000000
1682,2189,1.000000
1682,2291,1.000000
1683,181,1.000000
1683,1464,1.000000
1683,1973,1.000000
1686,2647,1.000000
1690,118,1.000000
1690,2112,1.000000
1691,700,1.000000
1692,172,1.000000
1692,240,1.000000
1692,291,1.000000
1692,503,1.000000
1692,512,1.000000
1692,574,1.000000
1692,756,1.000000
1692,1469,1.000000
1692,1472,1.000000
1692,2345,1.000000
1692,2186,1.000000
1692,2346,1.000000
1692,2187,1.000000
1692,2348,1.000000
1692,2349,1.000000
1693,434,1.000000
1693,1391,1.000000
1693,1524,1.000000
1693,2408,1.000000
1698,537,1.000000
1698,2160,1.000000
1701,24,1.000000
1701,143,1.000000
1701,157,1.000000
1701,201,1.000000
1701,205,1.000000
1701,231,1.000000
1701,232,1.000000
1701,335,1.000000
1701,467,1.000000
1701,532,1.000000
1701,633,1.000000
1701,664,1.000000
1701,699,1.000000
1701,729,1.000000
1701,767,1.000000
1701,869,1.000000
1701,874,1.000000
1701,1052,1.000000
1701,1241,1.000000
1701,1334,1.000000
1701,1440,1.000000
1701,1636,1.000000
1701,1665,1.000000
1701,1852,1.000000
1701,1853,1.000000
1701,1854,1.000000
1701,1855,1.000000
1701,1857,1.000000
1701,1859,1.000000
1701,1860,1.000000
1701,1861,1.000000
1701,1862,1.000000
1701,1799,1.000000
1701,1863,1.000000
1701,1864,1.000000
1701,1820,1.000000
1701,1866,1.000000
1701,1846,1.000000
1701,1867,1.000000
1701,1868,1.000000
1701,1869,1.000000
1701,1870,1.000000
1701,1873,1.000000
1701,1876,1.000000
1702,463,1.000000
1702,1240,1.000000
1702,1365,1.000000
1702,1703,1.000000
1702,1970,1.000000
1702,2238,1.000000
1703,463,1.000000
1703,759,1.000000
1703,1365,1.000000
1703,1417,1.000000
1703,1906,1.000000
1703,1969,1.000000
1703,1970,1.000000
1703,1966,1.000000
1704,383,1.000000
1704,1986,1.000000
1704,1912,1.000000
1704,2077,1.000000
1705,1289,1.000000
1705,2322,1.000000
1708,1857,1.000000
1708,2314,1.000000
1709,1358,1.000000
1709,1986,1.000000
1709,2365,1.000000
1711,1358,1.000000
1711,1765,1.000000
1711,1730,1.000000
1711,1731,1.000000
1712,1358,1.000000
1712,2446,1.000000
1712,1725,1.000000
1713,1898,1.000000
1717,1114,1.000000
1717,1358,1.000000
1717,2560,1.000000
1717,1731,1.000000
1718,1103,1.000000
1718,1358,1.000000
1718,1430,1.000000
1718,2685,1.000000
1719,1169,1.000000
1719,1317,1.000000
1719,1358,1.000000
1719,1765,1.000000
1720,1169,1.000000
1720,1317,1.000000
1720,1358,1.000000
1720,1765,1.000000
1724,2215,1.000000
1725,628,1.000000
1725,1070,1.000000
1725,1072,1.000000
1725,1358,1.000000
1725,1427,1.000000
1725,1712,1.000000
1725,2413,1.000000
1725,1734,1.000000
1726,1358,1.000000
1726,1483,1.000000
1726,2168,1.000000
1730,1358,1.000000
1730,1711,1.000000
1731,1169,1.000000
1731,1358,1.000000
1731,1711,1.000000
1731,1717,1.000000
1731,1755,1.000000
1733,831,1.000000
1733,1072,1.000000
1733,1358,1.000000
1734,1169,1.000000
1734,1358,1.000000
1734,1725,1.000000
1734,2597,1.000000
1735,562,1.000000
1735,969,1.000000
1735,1282,1.000000
1735,1358,1.000000
1735,1412,1.000000
1735,1483,1.000000
1735,1776,1.000000
1737,64,1.000000
1737,1169,1.000000
1737,1209,1.000000
1737,1358,1.000000
1737,2616,1.000000
1737,1888,1.000000
1739,1750,1.000000
1739,1766,1.000000
1740,2392,1.000000
1740,1804,1.000000
1742,580,1.000000
1742,1154,1.000000
1742,1358,1.000000
1742,1427,1.000000
1742,2307,1.000000
1742,1749,1.000000
1742,1758,1.000000
1743,389,1.000000
1743,704,1.000000
1743,742,1.000000
1743,969,1.000000
1743,1358,1.000000
1743,1412,1.000000
1743,1483,1.000000
1743,2450,1.000000
1743,2113,1.000000
1744,1358,1.000000
1744,1765,1.000000
1746,1281,1.000000
1746,1358,1.000000
1748,1103,1.000000
1748,1281,1.000000
1748,1358,1.000000
1749,1229,1.000000
1749,1358,1.000000
1749,1742,1.000000
1749,2446,1.000000
1750,1358,1.000000
1750,1520,1.000000
1750,1601,1.000000
1750,1739,1.000000
1750,1765,1.000000
1750,1766,1.000000
1755,1358,1.000000
1755,1731,1.000000
1755,1765,1.000000
1758,580,1.000000
1758,860,1.000000
1758,1358,1.000000
1758,1742,1.000000
1759,239,1.000000
1759,569,1.000000
1759,1358,1.000000
1760,1103,1.000000
1760,1358,1.000000
1761,4,1.000000
1761,223,1.000000
1761,1256,1.000000
1761,1358,1.000000
1761,2175,1.000000
1764,628,1.000000
1764,1358,1.000000
1765,580,1.000000
1765,1358,1.000000
1765,1492,1.000000
1765,1520,1.000000
1765,1562,1.000000
1765,1711,1.000000
1765,1719,1.000000
1765,1720,1.000000
1765,1744,1.000000
1765,1750,1.000000
1765,1755,1.000000
1766,1358,1.000000
1766,1739,1.000000
1766,1750,1.000000
1772,1782,1.000000
1776,1282,1.000000
1776,1623,1.000000
1776,1735,1.000000
1776,2045,1.000000
1777,2143,1.000000
1778,350,1.000000
1778,1367,1.000000
1778,1552,1.000000
1778,1623,1.000000
1778,1624,1.000000
1778,2327,1.000000
1781,36,1.000000
1781,306,1.000000
1781,1623,1.000000
1781,1998,1.000000
1781,2107,1.000000
1782,306,1.000000
1782,350,1.000000
1782,426,1.000000
1782,487,1.000000
1782,1623,1.000000
1782,1772,1.000000
1782,1798,1.000000
1787,2143,1.000000
1792,581,1.000000
1792,2485,1.000000
1795,828,1.000000
1795,2299,1.000000
1795,2464,1.000000
1797,2088,1.000000
1798,306,1.000000
1798,329,1.000000
1798,487,1.000000
1798,1072,1.000000
1798,1782,1.000000
1799,306,1.000000
1799,1072,1.000000
1799,1465,1.000000
1799,1701,1.000000
1800,476,1.000000
1800,852,1.000000
1800,1072,1.000000
1802,306,1.000000
1802,1072,1.000000
1803,77,1.000000
1803,354,1.000000
1803,659,1.000000
1803,1072,1.000000
1804,306,1.000000
1804,1072,1.000000
1804,1546,1.000000
1804,1740,1.000000
1804,2451,1.000000
1806,453,1.000000
1806,962,1.000000
1807,180,1.000000
1807,429,1.000000
1807,482,1.000000
1807,962,1.000000
1807,2034,1.000000
1808,579,1.000000
1808,962,1.000000
1808,1810,1.000000
1810,482,1.000000
1810,576,1.000000
1810,716,1.000000
1810,719,1.000000
1810,790,1.000000
1810,795,1.000000
1810,835,1.000000
1810,962,1.000000
1810,1095,1.000000
1810,1121,1.000000
1810,1331,1.000000
1810,1348,1.000000
1810,1576,1.000000
1810,1581,1.000000
1810,1787,1.000000
1810,1808,1.000000
1810,1811,1.000000
1810,1815,1.000000
1810,1816,1.000000
1810,1817,1.000000
1810,1819,1.000000
1810,1820,1.000000
1810,1821,1.000000
1810,1822,1.000000
1810,1869,1.000000
1811,1810,1.000000
1811,1822,1.000000
1815,310,1.000000
1815,1810,1.000000
1815,1950,1.000000
1816,829,1.000000
1816,1810,1.000000
1817,733,1.000000
1817,1810,1.000000
1819,1581,1.000000
1819,1810,1.000000
1819,1948,1.000000
1820,1701,1.000000
1820,1810,1.000000
1820,1873,1.000000
1821,316,1.000000
1821,598,1.000000
1821,603,1.000000
1821,716,1.000000
1821,1810,1.000000
1822,1810,1.000000
1822,1811,1.000000
1824,360,1.000000
1824,448,1.000000
1824,645,1.000000
1824,1183,1.000000
1824,1470,1.000000
1824,1825,1.000000
1824,1826,1.000000
1825,392,1.000000
1825,472,1.000000
1825,1183,1.000000
1825,1824,1.000000
1826,448,1.000000
1826,645,1.000000
1826,1408,1.000000
1826,1409,1.000000
1826,1824,1.000000
1826,1827,1.000000
1827,1409,1.000000
1827,1553,1.000000
1827,1826,1.000000
1827,1828,1.000000
1828,238,1.000000
1828,1408,1.000000
1828,1409,1.000000
1828,1827,1.000000
1830,889,1.000000
1830,1067,1.000000
1830,1513,1.000000
1830,2045,1.000000
1831,824,1.000000
1831,889,1.000000
1835,898,1.000000
1835,2157,1.000000
1835,2160,1.000000
1836,92,1.000000
1836,898,1.000000
1837,183,1.000000
1837,997,1.000000
1837,1330,1.000000
1839,2424,1.000000
1839,2453,1.000000
1840,1013,1.000000
1840,1377,1.000000
1840,2071,1.000000
1841,408,1.000000
1841,734,1.000000
1841,736,1.000000
1841,1013,1.000000
1841,2056,1.000000
1842,2281,1.000000
1844,868,1.000000
1844,1013,1.000000
1844,2276,1.000000
1845,894,1.000000
1845,1013,1.000000
1846,1013,1.000000
1846,1701,1.000000
1846,2117,1.000000
1846,1867,1.000000
1847,88,1.000000
1847,415,1.000000
1847,1013,1.000000
1848,325,1.000000
1848,1013,1.000000
1848,1224,1.000000
1848,1376,1.000000
1848,1652,1.000000
1848,2419,1.000000
1849,56,1.000000
1849,412,1.000000
1849,447,1.000000
1849,1013,1.000000
1849,1487,1.000000
1849,1616,1.000000
1849,1914,1.000000
1850,32,1.000000
1850,415,1.000000
1850,666,1.000000
1850,1013,1.000000
1851,118,1.000000
1851,693,1.000000
1851,1013,1.000000
1851,1224,1.000000
1851,1661,1.000000
1851,2485,1.000000
1852,1701,1.000000
1852,2045,1.000000
1853,1701,1.000000
1854,1701,1.000000
1855,1171,1.000000
1855,1701,1.000000
1857,304,1.000000
1857,1701,1.000000
1857,1708,1.000000
1859,1701,1.000000
1859,1986,1.000000
1860,1701,1.000000
1861,1701,1.000000
1862,0,1.000000
1862,926,1.000000
1862,1701,1.000000
1862,2582,1.000000
1863,532,1.000000
1863,1701,1.000000
1864,232,1.000000
1864,598,1.000000
1864,869,1.000000
1864,1701,1.000000
1866,633,1.000000
1866,1701,1.000000
1867,1701,1.000000
1867,1846,1.000000
1867,2117,1.000000
1868,231,1.000000
1868,316,1.000000
1868,766,1.000000
1868,1701,1.000000
1869,205,1.000000
1869,465,1.000000
1869,1701,1.000000
1869,1810,1.000000
1869,2309,1.000000
1870,157,1.000000
1870,598,1.000000
1870,1701,1.000000
1870,1986,1.000000
1873,603,1.000000
1873,935,1.000000
1873,1701,1.000000
1873,1820,1.000000
1873,1986,1.000000
1876,1701,1.000000
1876,1986,1.000000
1879,490,1.000000
1879,578,1.000000
1879,661,1.000000
1879,1526,1.000000
1880,479,1.000000
1880,661,1.000000
1880,753,1.000000
1880,1269,1.000000
1881,661,1.000000
1881,735,1.000000
1881,739,1.000000
1881,1543,1.000000
1881,1958,1.000000
1883,661,1.000000
1884,113,1.000000
1884,661,1.000000
1884,854,1.000000
1884,1958,1.000000
1884,1885,1.000000
1885,661,1.000000
1885,1884,1.000000
1885,2644,1.000000
1887,1103,1.000000
1887,1888,1.000000
1888,1103,1.000000
1888,1737,1.000000
1888,1887,1.000000
1889,429,1.000000
1889,1531,1.000000
1889,1891,1.000000
1889,1893,1.000000
1889,2034,1.000000
1891,1889,1.000000
1891,2034,1.000000
1891,2130,1.000000
1893,920,1.000000
1893,1889,1.000000
1894,229,1.000000
1894,536,1.000000
1894,770,1.000000
1894,1049,1.000000
1894,1149,1.000000
1894,1215,1.000000
1894,1405,1.000000
1894,1508,1.000000
1894,2117,1.000000
1894,2118,1.000000
1896,541,1.000000
1896,709,1.000000
1896,793,1.000000
1896,1897,1.000000
1897,1896,1.000000
1897,1903,1.000000
1898,379,1.000000
1898,645,1.000000
1898,755,1.000000
1898,1713,1.000000
1899,388,1.000000
1899,645,1.000000
1899,1902,1.000000
1899,2491,1.000000
1899,2510,1.000000
1901,119,1.000000
1901,645,1.000000
1901,1549,1.000000
1901,1954,1.000000
1901,2284,1.000000
1901,2286,1.000000
1902,448,1.000000
1902,793,1.000000
1902,1360,1.000000
1902,1478,1.000000
1902,1899,1.000000
1902,1904,1.000000
1903,709,1.000000
1903,793,1.000000
1903,1897,1.000000
1903,2269,1.000000
1903,1960,1.000000
1903,2592,1.000000
1904,1360,1.000000
1904,1902,1.000000
1904,1960,1.000000
1905,210,1.000000
1905,1914,1.000000
1906,210,1.000000
1906,1703,1.000000
1906,1964,1.000000
1906,2059,1.000000
1906,1907,1.000000
1907,566,1.000000
1907,673,1.000000
1907,674,1.000000
1907,1906,1.000000
1908,1178,1.000000
1908,1529,1.000000
1910,121,1.000000
1910,1296,1.000000
1911,1368,1.000000
1911,2553,1.000000
1912,1338,1.000000
1912,1704,1.000000
1912,2102,1.000000
1912,2103,1.000000
1913,35,1.000000
1913,440,1.000000
1913,895,1.000000
1913,1296,1.000000
1914,41,1.000000
1914,69,1.000000
1914,175,1.000000
1914,506,1.000000
1914,596,1.000000
1914,604,1.000000
1914,778,1.000000
1914,779,1.000000
1914,830,1.000000
1914,921,1.000000
1914,955,1.000000
1914,1464,1.000000
1914,1592,1.000000
1914,1675,1.000000
1914,1676,1.000000
1914,1849,1.000000
1914,1905,1.000000
1914,1916,1.000000
1914,1917,1.000000
1914,1918,1.000000
1914,1920,1.000000
1916,907,1.000000
1916,1535,1.000000
1916,1914,1.000000
1917,454,1.000000
1917,1914,1.000000
1917,2457,1.000000
1918,506,1.000000
1918,1914,1.000000
1919,778,1.000000
1919,779,1.000000
1920,69,1.000000
1920,1914,1.000000
1920,1926,1.000000
1920,2422,1.000000
1921,315,1.000000
1921,827,1.000000
1921,1416,1.000000
1922,1008,1.000000
1922,1416,1.000000
1924,942,1.000000
1924,1416,1.000000
1924,1927,1.000000
1926,69,1.000000
1926,1042,1.000000
1926,1416,1.000000
1926,1920,1.000000
1926,2052,1.000000
1926,2189,1.000000
1927,1218,1.000000
1927,1924,1.000000
1927,1930,1.000000
1930,1131,1.000000
1930,1927,1.000000
1931,507,1.000000
1931,1413,1.000000
1931,1542,1.000000
1932,402,1.000000
1932,1413,1.000000
1932,1936,1.000000
1933,251,1.000000
1933,507,1.000000
1933,1300,1.000000
1933,1413,1.000000
1934,338,1.000000
1934,1413,1.000000
1935,877,1.000000
1935,1176,1.000000
1935,1177,1.000000
1935,1413,1.000000
1935,1542,1.000000
1936,402,1.000000
1936,507,1.000000
1936,1413,1.000000
1936,1542,1.000000
1936,1932,1.000000
1939,19,1.000000
1939,1542,1.000000
1940,402,1.000000
1940,507,1.000000
1940,1300,1.000000
1940,1542,1.000000
1941,507,1.000000
1941,1300,1.000000
1941,1334,1.000000
1941,1542,1.000000
1941,2508,1.000000
1942,150,1.000000
1942,875,1.000000
1942,1542,1.000000
1943,1340,1.000000
1943,1542,1.000000
1944,310,1.000000
1944,336,1.000000
1944,352,1.000000
1944,1945,1.000000
1944,1946,1.000000
1944,1950,1.000000
1945,310,1.000000
1945,875,1.000000
1945,1272,1.000000
1945,1944,1.000000
1945,1947,1.000000
1945,1946,1.000000
1946,310,1.000000
1946,1944,1.000000
1946,1945,1.000000
1946,1950,1.000000
1947,310,1.000000
1947,1272,1.000000
1947,1945,1.000000
1947,1950,1.000000
1948,310,1.000000
1948,1819,1.000000
1948,1950,1.000000
1949,310,1.000000
1949,1221,1.000000
1950,310,1.000000
1950,336,1.000000
1950,875,1.000000
1950,892,1.000000
1950,1054,1.000000
1950,1241,1.000000
1950,1272,1.000000
1950,1432,1.000000
1950,1605,1.000000
1950,1815,1.000000
1950,1944,1.000000
1950,1946,1.000000
1950,1947,1.000000
1950,1948,1.000000
1951,622,1.000000
1951,1952,1.000000
1951,2204,1.000000
1951,2206,1.000000
1952,622,1.000000
1952,942,1.000000
1952,1031,1.000000
1952,1951,1.000000
1952,2204,1.000000
1952,2206,1.000000
1954,1128,1.000000
1954,1901,1.000000
1954,1956,1.000000
1954,2275,1.000000
1955,807,1.000000
1955,1168,1.000000
1955,1226,1.000000
1955,1956,1.000000
1956,807,1.000000
1956,1226,1.000000
1956,1954,1.000000
1956,1955,1.000000
1957,1355,1.000000
1958,1237,1.000000
1958,1881,1.000000
1959,119,1.000000
1959,132,1.000000
1959,379,1.000000
1959,904,1.000000
1959,2621,1.000000
1960,1360,1.000000
1960,1903,1.000000
1960,1904,1.000000
1960,2491,1.000000
1961,703,1.000000
1961,801,1.000000
1961,1022,1.000000
1962,1022,1.000000
1962,1276,1.000000
1964,248,1.000000
1964,463,1.000000
1964,1906,1.000000
1966,362,1.000000
1966,443,1.000000
1966,463,1.000000
1966,946,1.000000
1966,1010,1.000000
1969,1703,1.000000
1969,2236,1.000000
1969,2238,1.000000
1970,271,1.000000
1970,1702,1.000000
1970,1703,1.000000
1972,1351,1.000000
1972,1402,1.000000
1972,1652,1.000000
1973,32,1.000000
1973,252,1.000000
1973,504,1.000000
1973,666,1.000000
1973,779,1.000000
1973,822,1.000000
1973,1637,1.000000
1973,1974,1.000000
1973,1976,1.000000
1974,578,1.000000
1974,737,1.000000
1974,1973,1.000000
1975,1676,1.000000
1976,147,1.000000
1976,502,1.000000
1976,1973,1.000000
1983,55,1.000000
1983,438,1.000000
1983,897,1.000000
1983,2034,1.000000
1984,438,1.000000
1984,651,1.000000
1984,1178,1.000000
1984,1266,1.000000
1984,1529,1.000000
1985,437,1.000000
1985,438,1.000000
1986,232,1.000000
1986,335,1.000000
1986,366,1.000000
1986,476,1.000000
1986,566,1.000000
1986,673,1.000000
1986,681,1.000000
1986,1127,1.000000
1986,1149,1.000000
1986,1434,1.000000
1986,1704,1.000000
1986,1859,1.000000
1986,1870,1.000000
1986,1873,1.000000
1986,1876,1.000000
1986,1987,1.000000
1986,1992,1.000000
1986,1994,1.000000
1986,2001,1.000000
1986,2004,1.000000
1987,1295,1.000000
1987,1986,1.000000
1987,2509,1.000000
1987,2004,1.000000
1992,1185,1.000000
1992,1986,1.000000
1994,169,1.000000
1994,1986,1.000000
1996,2063,1.000000
1996,2064,1.000000
1998,1781,1.000000
2001,91,1.000000
2001,429,1.000000
2001,503,1.000000
2001,574,1.000000
2001,1986,1.000000
2001,2335,1.000000
2001,2348,1.000000
2001,2380,1.000000
2001,2123,1.000000
2001,2381,1.000000
2004,180,1.000000
2004,316,1.000000
2004,1986,1.000000
2004,1987,1.000000
2015,88,1.000000
2015,1309,1.000000
2015,2071,1.000000
2018,356,1.000000
2020,55,1.000000
2020,323,1.000000
2022,323,1.000000
2022,454,1.000000
2022,2190,1.000000
2025,149,1.000000
2025,572,1.000000
2025,671,1.000000
2025,1110,1.000000
2025,1357,1.000000
2025,1498,1.000000
2029,472,1.000000
2029,1543,1.000000
2029,1579,1.000000
2030,118,1.000000
2030,903,1.000000
2030,2112,1.000000
2031,903,1.000000
2031,2436,1.000000
2034,691,1.000000
2034,791,1.000000
2034,1026,1.000000
2034,1319,1.000000
2034,1614,1.000000
2034,1665,1.000000
2034,1807,1.000000
2034,1891,1.000000
2034,1983,1.000000
2034,2036,1.000000
2034,2037,1.000000
2034,2038,1.000000
2034,2130,1.000000
2036,833,1.000000
2036,2034,1.000000
2037,180,1.000000
2037,2034,1.000000
2038,293,1.000000
2038,2034,1.000000
2043,429,1.000000
2043,2406,1.000000
2045,109,1.000000
2045,306,1.000000
2045,308,1.000000
2045,519,1.000000
2045,603,1.000000
2045,699,1.000000
2045,1013,1.000000
2045,1248,1.000000
2045,1772,1.000000
2045,1776,1.000000
2045,1787,1.000000
2045,1830,1.000000
2045,1852,1.000000
2045,2048,1.000000
2046,2048,1.000000
2048,306,1.000000
2048,2045,1.000000
2048,2046,1.000000
2052,74,1.000000
2052,544,1.000000
2052,1042,1.000000
2052,1926,1.000000
2056,100,1.000000
2056,408,1.000000
2056,734,1.000000
2056,1628,1.000000
2056,1680,1.000000
2056,1841,1.000000
2056,2311,1.000000
2056,2576,1.000000
2058,635,1.000000
2058,1378,1.000000
2058,2150,1.000000
2059,718,1.000000
2059,1008,1.000000
2059,1906,1.000000
2060,735,1.000000
2063,327,1.000000
2063,928,1.000000
2063,1325,1.000000
2063,1326,1.000000
2063,1996,1.000000
2064,327,1.000000
2064,1996,1.000000
2069,702,1.000000
2069,1377,1.000000
2069,2070,1.000000
2070,702,1.000000
2070,1377,1.000000
2070,2069,1.000000
2071,725,1.000000
2071,755,1.000000
2071,1592,1.000000
2071,1840,1.000000
2071,2015,1.000000
2071,2016,1.000000
2072,1395,1.000000
2072,1602,1.000000
2072,2182,1.000000
2075,775,1.000000
2075,1020,1.000000
2075,2076,1.000000
2075,2077,1.000000
2075,2667,1.000000
2076,180,1.000000
2076,218,1.000000
2076,2075,1.000000
2076,2077,1.000000
2076,2667,1.000000
2077,1020,1.000000
2077,1704,1.000000
2077,2075,1.000000
2077,2076,1.000000
2080,306,1.000000
2080,487,1.000000
2080,1245,1.000000
2080,1311,1.000000
2080,1367,1.000000
2083,367,1.000000
2083,505,1.000000
2083,752,1.000000
2083,957,1.000000
2083,1483,1.000000
2083,2168,1.000000
2085,306,1.000000
2085,350,1.000000
2085,910,1.000000
2085,1490,1.000000
2085,2089,1.000000
2088,306,1.000000
2088,1797,1.000000
2089,306,1.000000
2089,350,1.000000
2089,2085,1.000000
2090,306,1.000000
2090,350,1.000000
2090,656,1.000000
2094,36,1.000000
2094,109,1.000000
2094,441,1.000000
2094,2106,1.000000
2095,109,1.000000
2095,135,1.000000
2095,2329,1.000000
2095,2504,1.000000
2096,859,1.000000
2096,937,1.000000
2097,79,1.000000
2097,522,1.000000
2097,975,1.000000
2097,2098,1.000000
2098,2097,1.000000
2099,490,1.000000
2099,868,1.000000
2099,1526,1.000000
2099,2425,1.000000
2100,803,1.000000
2100,830,1.000000
2100,1184,1.000000
2100,2101,1.000000
2101,702,1.000000
2101,2100,1.000000
2102,1309,1.000000
2102,1912,1.000000
2102,2385,1.000000
2103,1309,1.000000
2103,1912,1.000000
2103,2385,1.000000
2105,490,1.000000
2105,517,1.000000
2106,36,1.000000
2106,2094,1.000000
2107,36,1.000000
2107,399,1.000000
2107,1505,1.000000
2107,1781,1.000000
2108,693,1.000000
2108,1519,1.000000
2109,604,1.000000
2111,711,1.000000
2112,118,1.000000
2112,255,1.000000
2112,711,1.000000
2112,1690,1.000000
2112,2030,1.000000
2112,2436,1.000000
2113,704,1.000000
2113,711,1.000000
2113,1077,1.000000
2113,1483,1.000000
2113,1743,1.000000
2113,2450,1.000000
2114,386,1.000000
2114,2509,1.000000
2114,2519,1.000000
2115,386,1.000000
2115,2117,1.000000
2115,2519,1.000000
2116,356,1.000000
2116,1218,1.000000
2117,386,1.000000
2117,770,1.000000
2117,1508,1.000000
2117,1846,1.000000
2117,1867,1.000000
2117,1894,1.000000
2117,2115,1.000000
2117,2118,1.000000
2118,229,1.000000
2118,1894,1.000000
2118,2117,1.000000
2122,91,1.000000
2123,91,1.000000
2123,330,1.000000
2123,2380,1.000000
2130,691,1.000000
2130,791,1.000000
2130,983,1.000000
2130,1261,1.000000
2130,1889,1.000000
2130,1891,1.000000
2130,2034,1.000000
2130,2249,1.000000
2133,434,1.000000
2133,2182,1.000000
2134,921,1.000000
2134,1351,1.000000
2135,175,1.000000
2135,190,1.000000
2135,2282,1.000000
2136,737,1.000000
2136,1121,1.000000
2136,1655,1.000000
2136,1671,1.000000
2139,24,1.000000
2139,1636,1.000000
2139,2140,1.000000
2139,2141,1.000000
2140,17,1.000000
2140,927,1.000000
2140,1301,1.000000
2140,1679,1.000000
2140,2139,1.000000
2141,24,1.000000
2141,1636,1.000000
2141,2139,1.000000
2141,2142,1.000000
2142,2141,1.000000
2143,303,1.000000
2143,1367,1.000000
2143,1777,1.000000
2143,1787,1.000000
2144,135,1.000000
2144,137,1.000000
2144,2329,1.000000
2144,2504,1.000000
2144,2331,1.000000
2150,1378,1.000000
2150,2058,1.000000
2151,93,1.000000
2151,1224,1.000000
2151,2423,1.000000
2153,973,1.000000
2153,1224,1.000000
2153,2155,1.000000
2155,74,1.000000
2155,280,1.000000
2155,539,1.000000
2155,586,1.000000
2155,993,1.000000
2155,1118,1.000000
2155,1131,1.000000
2155,1143,1.000000
2155,1203,1.000000
2155,1224,1.000000
2155,1535,1.000000
2155,2153,1.000000
2155,2293,1.000000
2155,2294,1.000000
2155,2295,1.000000
2157,108,1.000000
2157,1835,1.000000
2157,2158,1.000000
2157,2159,1.000000
2157,2160,1.000000
2158,2157,1.000000
2159,23,1.000000
2159,2157,1.000000
2159,2160,1.000000
2160,898,1.000000
2160,1328,1.000000
2160,1647,1.000000
2160,1698,1.000000
2160,1835,1.000000
2160,2157,1.000000
2160,2159,1.000000
2160,2161,1.000000
2161,1327,1.000000
2161,2160,1.000000
2163,1073,1.000000
2163,1303,1.000000
2163,1348,1.000000
2165,118,1.000000
2165,279,1.000000
2165,1343,1.000000
2166,118,1.000000
2166,1029,1.000000
2168,834,1.000000
2168,1726,1.000000
2168,2083,1.000000
2168,2169,1.000000
2169,131,1.000000
2169,683,1.000000
2169,1546,1.000000
2169,1547,1.000000
2169,2168,1.000000
2170,1357,1.000000
2170,2171,1.000000
2171,2170,1.000000
2175,4,1.000000
2175,982,1.000000
2175,1256,1.000000
2175,1761,1.000000
2175,2176,1.000000
2176,4,1.000000
2176,595,1.000000
2176,982,1.000000
2176,1016,1.000000
2176,1091,1.000000
2176,1256,1.000000
2176,2175,1.000000
2177,2371,1.000000
2179,440,1.000000
2180,81,1.000000
2180,2183,1.000000
2181,2196,1.000000
2181,2202,1.000000
2182,95,1.000000
2182,239,1.000000
2182,415,1.000000
2182,1285,1.000000
2182,2072,1.000000
2182,2133,1.000000
2182,2180,1.000000
2182,2231,1.000000
2182,2232,1.000000
2182,2198,1.000000
2182,2233,1.000000
2183,95,1.000000
2183,525,1.000000
2183,2180,1.000000
2185,1131,1.000000
2185,1133,1.000000
2185,1500,1.000000
2185,1538,1.000000
2187,172,1.000000
2187,756,1.000000
2187,1472,1.000000
2187,1692,1.000000
2188,454,1.000000
2189,69,1.000000
2189,454,1.000000
2189,847,1.000000
2189,1395,1.000000
2189,1682,1.000000
2189,1926,1.000000
2190,454,1.000000
2190,2022,1.000000
2191,387,1.000000
2192,144,1.000000
2192,213,1.000000
2192,495,1.000000
2192,537,1.000000
2196,1631,1.000000
2196,2181,1.000000
2198,751,1.000000
2199,901,1.000000
2199,1580,1.000000
2199,2186,1.000000
2202,734,1.000000
2202,736,1.000000
2202,751,1.000000
2202,2181,1.000000
2204,1951,1.000000
2204,1952,1.000000
2204,2521,1.000000
2206,48,1.000000
2206,1951,1.000000
2206,1952,1.000000
2208,1483,1.000000
2209,108,1.000000
2209,1504,1.000000
2209,1647,1.000000
2210,104,1.000000
2210,864,1.000000
2211,1065,1.000000
2211,2356,1.000000
2212,710,1.000000
2212,1392,1.000000
2213,51,1.000000
2213,421,1.000000
2213,710,1.000000
2214,51,1.000000
2214,1201,1.000000
2214,2216,1.000000
2215,51,1.000000
2215,457,1.000000
2215,1724,1.000000
2215,2216,1.000000
2216,421,1.000000
2216,457,1.000000
2216,2214,1.000000
2216,2215,1.000000
2217,96,1.000000
2217,175,1.000000
2222,75,1.000000
2222,284,1.000000
2222,2224,1.000000
2222,2225,1.000000
2223,75,1.000000
2223,84,1.000000
2223,284,1.000000
2223,2224,1.000000
2224,75,1.000000
2224,84,1.000000
2224,284,1.000000
2224,583,1.000000
2224,2222,1.000000
2224,2223,1.000000
2224,2226,1.000000
2224,2225,1.000000
2225,75,1.000000
2225,284,1.000000
2225,583,1.000000
2225,2222,1.000000
2225,2224,1.000000
2226,84,1.000000
2226,284,1.000000
2226,2224,1.000000
2227,634,1.000000
2227,1399,1.000000
2227,1630,1.000000
2230,2296,1.000000
2231,2182,1.000000
2231,2292,1.000000
2232,315,1.000000
2232,1376,1.000000
2232,2182,1.000000
2233,636,1.000000
2233,2182,1.000000
2233,2291,1.000000
2236,1969,1.000000
2236,2237,1.000000
2237,1240,1.000000
2237,2236,1.000000
2237,2238,1.000000
2238,152,1.000000
2238,1969,1.000000
2238,2237,1.000000
2238,2240,1.000000
2240,152,1.000000
2240,963,1.000000
2240,1157,1.000000
2240,1443,1.000000
2240,1530,1.000000
2240,2238,1.000000
2240,2399,1.000000
2241,500,1.000000
2241,1191,1.000000
2247,972,1.000000
2247,1086,1.000000
2247,2509,1.000000
2248,428,1.000000
2248,837,1.000000
2248,856,1.000000
2248,996,1.000000
2248,1071,1.000000
2248,1135,1.000000
2248,1255,1.000000
2248,1366,1.000000
2248,1545,1.000000
2248,2249,1.000000
2249,368,1.000000
2249,1257,1.000000
2249,2130,1.000000
2249,2248,1.000000
2249,2518,1.000000
2249,2671,1.000000
2251,121,1.000000
2251,1158,1.000000
2251,2252,1.000000
2252,121,1.000000
2252,1158,1.000000
2252,2251,1.000000
2254,1146,1.000000
2255,225,1.000000
2258,1290,1.000000
2259,1419,1.000000
2259,1436,1.000000
2259,2335,1.000000
2259,2337,1.000000
2260,529,1.000000
2260,1417,1.000000
2260,1419,1.000000
2261,718,1.000000
2261,1474,1.000000
2263,94,1.000000
2263,1015,1.000000
2263,2490,1.000000
2265,1322,1.000000
2266,1395,1.000000
2266,2267,1.000000
2267,1395,1.000000
2267,2266,1.000000
2268,309,1.000000
2268,383,1.000000
2268,733,1.000000
2268,1160,1.000000
2268,1278,1.000000
2268,2291,1.000000
2269,20,1.000000
2269,370,1.000000
2269,392,1.000000
2269,1415,1.000000
2269,1619,1.000000
2269,1903,1.000000
2269,2270,1.000000
2270,20,1.000000
2270,128,1.000000
2270,1354,1.000000
2270,1414,1.000000
2270,2269,1.000000
2270,2375,1.000000
2274,1370,1.000000
2274,1441,1.000000
2274,1527,1.000000
2275,1128,1.000000
2275,1441,1.000000
2275,1954,1.000000
2276,868,1.000000
2276,1115,1.000000
2276,1844,1.000000
2278,850,1.000000
2278,1359,1.000000
2279,110,1.000000
2279,565,1.000000
2279,2466,1.000000
2280,242,1.000000
2280,270,1.000000
2280,279,1.000000
2280,838,1.000000
2280,1131,1.000000
2281,1131,1.000000
2281,1842,1.000000
2281,2405,1.000000
2282,2135,1.000000
2284,1901,1.000000
2284,2285,1.000000
2285,451,1.000000
2285,989,1.000000
2285,2284,1.000000
2285,2286,1.000000
2286,1549,1.000000
2286,1901,1.000000
2286,2285,1.000000
2287,2288,1.000000
2288,114,1.000000
2288,610,1.000000
2288,2287,1.000000
2289,444,1.000000
2289,584,1.000000
2289,623,1.000000
2289,2464,1.000000
2290,444,1.000000
2290,1102,1.000000
2290,1207,1.000000
2290,2464,1.000000
2290,2496,1.000000
2291,377,1.000000
2291,715,1.000000
2291,1265,1.000000
2291,2233,1.000000
2291,2268,1.000000
2291,2292,1.000000
2292,2231,1.000000
2292,2291,1.000000
2293,921,1.000000
2293,1535,1.000000
2293,2155,1.000000
2294,1141,1.000000
2294,2155,1.000000
2295,1110,1.000000
2296,313,1.000000
2296,1134,1.000000
2296,2230,1.000000
2297,2299,1.000000
2299,1795,1.000000
2299,2297,1.000000
2304,465,1.000000
2305,309,1.000000
2305,453,1.000000
2305,1278,1.000000
2306,453,1.000000
2306,1278,1.000000
2307,482,1.000000
2307,1067,1.000000
2307,1742,1.000000
2308,159,1.000000
2309,1399,1.000000
2311,2056,1.000000
2311,2576,1.000000
2312,61,1.000000
2312,1333,1.000000
2314,767,1.000000
2314,1708,1.000000
2316,1343,1.000000
2322,1705,1.000000
2323,344,1.000000
2323,1444,1.000000
2327,699,1.000000
2327,1490,1.000000
2327,1778,1.000000
2327,2328,1.000000
2328,2327,1.000000
2329,137,1.000000
2329,397,1.000000
2329,2095,1.000000
2329,2144,1.000000
2329,2331,1.000000
2331,2144,1.000000
2331,2329,1.000000
2333,1042,1.000000
2333,1047,1.000000
2333,1588,1.000000
2335,2259,1.000000
2335,2336,1.000000
2336,1046,1.000000
2336,1202,1.000000
2336,1428,1.000000
2336,2335,1.000000
2337,2259,1.000000
2339,843,1.000000
2339,1191,1.000000
2339,1558,1.000000
2342,1259,1.000000
2344,279,1.000000
2345,1692,1.000000
2346,1469,1.000000
2346,1692,1.000000
2346,2349,1.000000
2348,576,1.000000
2348,1692,1.000000
2348,2001,1.000000
2349,1185,1.000000
2349,1460,1.000000
2349,1469,1.000000
2349,1498,1.000000
2349,1692,1.000000
2349,2346,1.000000
2349,2358,1.000000
2350,1178,1.000000
2350,1417,1.000000
2350,1529,1.000000
2355,94,1.000000
2355,2356,1.000000
2355,2357,1.000000
2356,934,1.000000
2356,2211,1.000000
2356,2355,1.000000
2357,2355,1.000000
2358,631,1.000000
2358,1185,1.000000
2358,1460,1.000000
2358,1469,1.000000
2358,2349,1.000000
2365,1565,1.000000
2366,46,1.000000
2367,15,1.000000
2367,395,1.000000
2367,765,1.000000
2367,894,1.000000
2367,1090,1.000000
2367,1093,1.000000
2367,1271,1.000000
2367,1598,1.000000
2367,2371,1.000000
2371,1147,1.000000
2371,2177,1.000000
2371,2367,1.000000
2374,20,1.000000
2375,20,1.000000
2375,371,1.000000
2375,1404,1.000000
2375,2270,1.000000
2376,783,1.000000
2376,813,1.000000
2376,1061,1.000000
2380,91,1.000000
2380,2001,1.000000
2380,2123,1.000000
2381,1662,1.000000
2381,1666,1.000000
2381,2001,1.000000
2383,299,1.000000
2383,924,1.000000
2383,1635,1.000000
2385,1338,1.000000
2385,2102,1.000000
2385,2103,1.000000
2386,299,1.000000
2387,271,1.000000
2387,299,1.000000
2387,638,1.000000
2387,1046,1.000000
2387,1406,1.000000
2387,1510,1.000000
2388,175,1.000000
2388,551,1.000000
2388,728,1.000000
2392,535,1.000000
2392,1740,1.000000
2392,2451,1.000000
2393,368,1.000000
2393,1634,1.000000
2394,504,1.000000
2394,600,1.000000
2394,1399,1.000000
2394,2396,1.000000
2396,504,1.000000
2396,1420,1.000000
2396,2394,1.000000
2398,1662,1.000000
2398,2493,1.000000
2399,43,1.000000
2399,963,1.000000
2399,1443,1.000000
2399,2240,1.000000
2399,2434,1.000000
2400,43,1.000000
2400,963,1.000000
2402,2403,1.000000
2403,836,1.000000
2403,2402,1.000000
2405,2281,1.000000
2406,523,1.000000
2406,2043,1.000000
2408,434,1.000000
2408,1693,1.000000
2409,716,1.000000
2409,1057,1.000000
2413,1725,1.000000
2418,65,1.000000
2418,239,1.000000
2418,572,1.000000
2418,1293,1.000000
2419,65,1.000000
2419,74,1.000000
2419,497,1.000000
2419,1848,1.000000
2420,640,1.000000
2422,847,1.000000
2422,1920,1.000000
2423,279,1.000000
2423,304,1.000000
2423,518,1.000000
2423,2151,1.000000
2424,195,1.000000
2424,1839,1.000000
2425,1341,1.000000
2425,1526,1.000000
2425,1622,1.000000
2425,2099,1.000000
2425,2426,1.000000
2426,2425,1.000000
2429,250,1.000000
2430,201,1.000000
2430,570,1.000000
2434,1087,1.000000
2434,2399,1.000000
2436,989,1.000000
2436,1507,1.000000
2436,2031,1.000000
2436,2112,1.000000
2437,167,1.000000
2437,168,1.000000
2437,2438,1.000000
2438,168,1.000000
2438,2437,1.000000
2442,2614,1.000000
2446,609,1.000000
2446,1427,1.000000
2446,1712,1.000000
2446,1749,1.000000
2450,389,1.000000
2450,562,1.000000
2450,704,1.000000
2450,754,1.000000
2450,969,1.000000
2450,1077,1.000000
2450,1412,1.000000
2450,1527,1.000000
2450,1620,1.000000
2450,1743,1.000000
2450,2113,1.000000
2451,367,1.000000
2451,752,1.000000
2451,1804,1.000000
2451,2392,1.000000
2451,2452,1.000000
2452,2451,1.000000
2452,2685,1.000000
2453,354,1.000000
2453,1839,1.000000
2454,26,1.000000
2454,99,1.000000
2454,122,1.000000
2455,26,1.000000
2455,99,1.000000
2455,122,1.000000
2455,123,1.000000
2457,499,1.000000
2457,1917,1.000000
2457,2458,1.000000
2458,499,1.000000
2458,2457,1.000000
2459,760,1.000000
2459,2689,1.000000
2460,760,1.000000
2460,1599,1.000000
2461,106,1.000000
2463,89,1.000000
2463,340,1.000000
2463,584,1.000000
2463,1157,1.000000
2464,444,1.000000
2464,515,1.000000
2464,584,1.000000
2464,623,1.000000
2464,828,1.000000
2464,1102,1.000000
2464,1207,1.000000
2464,1530,1.000000
2464,1795,1.000000
2464,2289,1.000000
2464,2290,1.000000
2464,2465,1.000000
2465,515,1.000000
2465,1102,1.000000
2465,2464,1.000000
2466,2279,1.000000
2470,614,1.000000
2470,1475,1.000000
2473,217,1.000000
2473,2648,1.000000
2474,217,1.000000
2474,243,1.000000
2476,564,1.000000
2479,1236,1.000000
2482,167,1.000000
2482,1056,1.000000
2485,252,1.000000
2485,1592,1.000000
2485,1792,1.000000
2485,1851,1.000000
2490,94,1.000000
2490,2263,1.000000
2491,1360,1.000000
2491,1899,1.000000
2491,1960,1.000000
2493,157,1.000000
2493,2398,1.000000
2494,417,1.000000
2494,2495,1.000000
2495,833,1.000000
2495,2494,1.000000
2496,2290,1.000000
2497,388,1.000000
2497,703,1.000000
2497,1578,1.000000
2498,271,1.000000
2498,299,1.000000
2498,1484,1.000000
2503,1038,1.000000
2504,137,1.000000
2504,2095,1.000000
2504,2144,1.000000
2505,406,1.000000
2506,114,1.000000
2508,507,1.000000
2508,1300,1.000000
2508,1941,1.000000
2509,1365,1.000000
2509,1987,1.000000
2509,2114,1.000000
2509,2247,1.000000
2509,2519,1.000000
2510,1899,1.000000
2512,569,1.000000
2514,1154,1.000000
2514,2515,1.000000
2515,1154,1.000000
2515,2514,1.000000
2516,694,1.000000
2516,801,1.000000
2518,996,1.000000
2518,1135,1.000000
2518,1257,1.000000
2518,2249,1.000000
2519,1365,1.000000
2519,2114,1.000000
2519,2115,1.000000
2519,2509,1.000000
2521,2204,1.000000
2526,560,1.000000
2526,585,1.000000
2527,540,1.000000
2528,826,1.000000
2528,1226,1.000000
2531,1026,1.000000
2533,1201,1.000000
2536,1307,1.000000
2537,117,1.000000
2537,259,1.000000
2539,237,1.000000
2539,2540,1.000000
2539,2632,1.000000
2540,2539,1.000000
2542,843,1.000000
2544,3,1.000000
2545,10,1.000000
2546,628,1.000000
2546,952,1.000000
2547,488,1.000000
2547,515,1.000000
2548,582,1.000000
2549,582,1.000000
2553,728,1.000000
2553,748,1.000000
2553,1368,1.000000
2553,1470,1.000000
2553,1911,1.000000
2554,2689,1.000000
2560,1114,1.000000
2560,1717,1.000000
2560,2561,1.000000
2561,2560,1.000000
2562,292,1.000000
2562,1036,1.000000
2564,194,1.000000
2564,1050,1.000000
2564,1379,1.000000
2564,1380,1.000000
2564,1451,1.000000
2570,1151,1.000000
2570,2572,1.000000
2572,2570,1.000000
2575,1008,1.000000
2576,1680,1.000000
2576,2056,1.000000
2576,2311,1.000000
2580,186,1.000000
2580,972,1.000000
2580,1228,1.000000
2580,1536,1.000000
2581,83,1.000000
2581,449,1.000000
2582,0,1.000000
2582,1862,1.000000
2583,247,1.000000
2586,1375,1.000000
2587,1046,1.000000
2589,1185,1.000000
2590,1185,1.000000
2590,1469,1.000000
2590,1498,1.000000
2592,793,1.000000
2592,1903,1.000000
2594,218,1.000000
2597,1358,1.000000
2597,1725,1.000000
2597,1734,1.000000
2598,329,1.000000
2600,832,1.000000
2602,2603,1.000000
2603,2602,1.000000
2604,99,1.000000
2604,123,1.000000
2604,127,1.000000
2605,1348,1.000000
2610,1049,1.000000
2614,9,1.000000
2614,494,1.000000
2614,723,1.000000
2614,1599,1.000000
2614,2442,1.000000
2616,64,1.000000
2616,1737,1.000000
2617,166,1.000000
2618,2619,1.000000
2619,2618,1.000000
2621,1959,1.000000
2622,145,1.000000
2623,946,1.000000
2625,2626,1.000000
2626,2625,1.000000
2628,67,1.000000
2629,692,1.000000
2632,2539,1.000000
2634,2635,1.000000
2634,2636,1.000000
2635,2634,1.000000
2636,2634,1.000000
2636,2693,1.000000
2638,447,1.000000
2639,917,1.000000
2641,535,1.000000
2641,936,1.000000
2644,1885,1.000000
2645,29,1.000000
2645,258,1.000000
2645,706,1.000000
2645,1443,1.000000
2646,194,1.000000
2647,243,1.000000
2647,473,1.000000
2647,1686,1.000000
2648,243,1.000000
2648,2473,1.000000
2659,967,1.000000
2660,1673,1.000000
2661,12,1.000000
2661,1318,1.000000
2662,12,1.000000
2662,1001,1.000000
2662,1318,1.000000
2663,1432,1.000000
2663,1605,1.000000
2665,2666,1.000000
2666,2665,1.000000
2667,1020,1.000000
2667,2075,1.000000
2667,2076,1.000000
2670,837,1.000000
2670,1194,1.000000
2670,2679,1.000000
2671,428,1.000000
2671,726,1.000000
2671,1071,1.000000
2671,1109,1.000000
2671,1135,1.000000
2671,1206,1.000000
2671,1257,1.000000
2671,1533,1.000000
2671,2249,1.000000
2671,2672,1.000000
2671,2673,1.000000
2671,2674,1.000000
2671,2675,1.000000
2672,2671,1.000000
2673,492,1.000000
2673,1257,1.000000
2673,2671,1.000000
2674,1109,1.000000
2674,2671,1.000000
2674,2675,1.000000
2675,1109,1.000000
2675,2671,1.000000
2675,2674,1.000000
2676,200,1.000000
2676,1439,1.000000
2677,956,1.000000
2677,1257,1.000000
2678,492,1.000000
2678,1135,1.000000
2678,1257,1.000000
2679,177,1.000000
2679,1257,1.000000
2679,1639,1.000000
2679,2670,1.000000
2679,2682,1.000000
2681,209,1.000000
2681,361,1.000000
2681,1390,1.000000
2681,1449,1.000000
2681,2683,1.000000
2682,177,1.000000
2682,2679,1.000000
2683,2681,1.000000
2685,296,1.000000
2685,732,1.000000
2685,1718,1.000000
2685,2452,1.000000
2689,2459,1.000000
2689,2554,1.000000
2692,1310,1.000000
2693,2636,1.000000
2694,431,1.000000
2694,2695,1.000000
2695,431,1.000000
2695,2694,1.000000
2698,1400,1.000000
2698,1573,1.000000
2700,1151,1.000000
2702,186,1.000000
2702,1536,1.000000
2703,1298,1.000000
2706,165,1.000000
2706,169,1.000000
2706,1473,1.000000
2706,2707,1.000000
2707,165,1.000000
2707,598,1.000000
2707,1473,1.000000
2707,2706,1.000000
