1,2,1.000000
1,652,1.000000
1,654,1.000000
2,1,1.000000
2,1986,1.000000
2,332,1.000000
2,1666,1.000000
2,1454,1.000000
5,1629,1.000000
5,2546,1.000000
5,1659,1.000000
7,208,1.000000
8,281,1.000000
8,1996,1.000000
8,269,1.000000
11,1655,1.000000
11,1839,1.000000
13,1810,1.000000
13,1701,1.000000
14,2034,1.000000
14,2075,1.000000
14,158,1.000000
14,2077,1.000000
14,2668,1.000000
16,2444,1.000000
16,1632,1.000000
16,970,1.000000
16,2642,1.000000
18,2082,1.000000
18,139,1.000000
18,1786,1.000000
18,1560,1.000000
18,2145,1.000000
21,1043,1.000000
21,2310,1.000000
22,1703,1.000000
22,1702,1.000000
22,2238,1.000000
22,39,1.000000
22,1234,1.000000
25,1344,1.000000
25,2011,1.000000
25,1301,1.000000
25,2317,1.000000
27,1810,1.000000
27,606,1.000000
27,2360,1.000000
27,2578,1.000000
28,1687,1.000000
30,1358,1.000000
30,1416,1.000000
30,2162,1.000000
30,697,1.000000
30,2343,1.000000
30,738,1.000000
33,2119,1.000000
33,911,1.000000
33,588,1.000000
33,1051,1.000000
33,2120,1.000000
33,286,1.000000
33,2040,1.000000
33,2121,1.000000
33,698,1.000000
34,1358,1.000000
37,2427,1.000000
37,1190,1.000000
37,60,1.000000
39,22,1.000000
39,1634,1.000000
39,1965,1.000000
39,1349,1.000000
39,1532,1.000000
39,1522,1.000000
39,2357,1.000000
42,1372,1.000000
42,87,1.000000
44,1582,1.000000
44,2624,1.000000
44,2701,1.000000
45,1986,1.000000
45,733,1.000000
45,2303,1.000000
45,1219,1.000000
45,2667,1.000000
45,2668,1.000000
48,1666,1.000000
48,2471,1.000000
48,2205,1.000000
48,2041,1.000000
48,714,1.000000
49,2034,1.000000
49,1666,1.000000
52,1467,1.000000
52,2172,1.000000
52,2182,1.000000
52,1139,1.000000
52,2053,1.000000
53,1358,1.000000
53,1103,1.000000
53,1739,1.000000
55,60,1.000000
55,815,1.000000
55,2021,1.000000
55,323,1.000000
55,651,1.000000
55,1079,1.000000
57,2418,1.000000
58,1715,1.000000
59,1358,1.000000
59,1725,1.000000
59,1627,1.000000
59,609,1.000000
59,615,1.000000
59,1287,1.000000
59,2651,1.000000
59,105,1.000000
59,580,1.000000
59,1067,1.000000
60,37,1.000000
60,55,1.000000
60,1527,1.000000
61,2162,1.000000
65,2418,1.000000
65,2021,1.000000
65,239,1.000000
66,2631,1.000000
68,1358,1.000000
68,1986,1.000000
68,391,1.000000
70,441,1.000000
70,2184,1.000000
71,1986,1.000000
71,206,1.000000
71,2691,1.000000
72,1358,1.000000
72,1103,1.000000
73,1358,1.000000
73,797,1.000000
73,449,1.000000
73,1136,1.000000
73,558,1.000000
73,1723,1.000000
73,1189,1.000000
73,876,1.000000
73,1214,1.000000
73,1745,1.000000
73,1751,1.000000
73,1035,1.000000
76,88,1.000000
76,2018,1.000000
76,2178,1.000000
78,1418,1.000000
78,1329,1.000000
78,1219,1.000000
80,257,1.000000
80,2049,1.000000
80,1117,1.000000
82,1634,1.000000
82,1138,1.000000
85,1065,1.000000
85,2487,1.000000
85,2488,1.000000
86,1336,1.000000
86,2034,1.000000
86,429,1.000000
86,2295,1.000000
87,42,1.000000
87,842,1.000000
87,2164,1.000000
88,76,1.000000
88,2010,1.000000
88,130,1.000000
88,2011,1.000000
88,1677,1.000000
88,2012,1.000000
88,2013,1.000000
88,1713,1.000000
88,1658,1.000000
88,1394,1.000000
88,1288,1.000000
88,498,1.000000
88,696,1.000000
88,1882,1.000000
88,851,1.000000
88,743,1.000000
88,2014,1.000000
88,1732,1.000000
88,162,1.000000
88,841,1.000000
88,1494,1.000000
88,1908,1.000000
88,1741,1.000000
88,1174,1.000000
88,1527,1.000000
88,815,1.000000
88,2178,1.000000
90,1358,1.000000
90,817,1.000000
90,155,1.000000
90,156,1.000000
94,2357,1.000000
94,675,1.000000
95,1535,1.000000
95,1838,1.000000
95,2200,1.000000
95,2201,1.000000
95,2197,1.000000
95,2199,1.000000
95,2181,1.000000
95,2054,1.000000
95,861,1.000000
95,334,1.000000
95,1303,1.000000
95,734,1.000000
95,736,1.000000
95,2074,1.000000
95,2182,1.000000
101,1358,1.000000
101,281,1.000000
101,1589,1.000000
102,1623,1.000000
102,109,1.000000
102,1878,1.000000
102,1448,1.000000
102,2256,1.000000
102,1251,1.000000
102,1871,1.000000
102,1561,1.000000
103,139,1.000000
103,484,1.000000
103,306,1.000000
103,608,1.000000
103,1790,1.000000
103,1775,1.000000
105,59,1.000000
105,1721,1.000000
105,2651,1.000000
105,2476,1.000000
109,102,1.000000
109,1624,1.000000
109,2045,1.000000
109,236,1.000000
109,306,1.000000
109,124,1.000000
109,1769,1.000000
109,289,1.000000
109,2092,1.000000
109,459,1.000000
109,318,1.000000
109,2093,1.000000
109,1772,1.000000
109,1045,1.000000
109,1785,1.000000
109,1337,1.000000
109,1998,1.000000
109,1787,1.000000
109,610,1.000000
109,1789,1.000000
109,1779,1.000000
109,1346,1.000000
109,153,1.000000
109,519,1.000000
109,133,1.000000
109,1805,1.000000
109,426,1.000000
109,563,1.000000
111,1358,1.000000
111,1169,1.000000
111,2643,1.000000
111,758,1.000000
111,2492,1.000000
111,1762,1.000000
112,1623,1.000000
112,487,1.000000
112,306,1.000000
112,2080,1.000000
118,2010,1.000000
118,842,1.000000
120,514,1.000000
120,2405,1.000000
120,1842,1.000000
120,483,1.000000
120,816,1.000000
124,109,1.000000
124,306,1.000000
124,1367,1.000000
124,1622,1.000000
124,2478,1.000000
125,458,1.000000
125,2363,1.000000
126,1623,1.000000
126,2045,1.000000
126,236,1.000000
126,306,1.000000
126,1551,1.000000
126,2079,1.000000
129,441,1.000000
129,701,1.000000
130,88,1.000000
130,2017,1.000000
130,1982,1.000000
133,109,1.000000
133,1623,1.000000
133,2045,1.000000
133,1670,1.000000
133,2082,1.000000
133,1777,1.000000
133,452,1.000000
133,399,1.000000
133,1784,1.000000
138,236,1.000000
138,306,1.000000
138,1776,1.000000
139,18,1.000000
139,103,1.000000
139,1623,1.000000
139,660,1.000000
139,1780,1.000000
139,910,1.000000
139,2045,1.000000
139,306,1.000000
141,2034,1.000000
141,1002,1.000000
141,740,1.000000
142,2049,1.000000
142,1628,1.000000
142,525,1.000000
142,2181,1.000000
142,456,1.000000
146,1927,1.000000
146,2059,1.000000
146,897,1.000000
146,1468,1.000000
146,1907,1.000000
148,714,1.000000
148,2518,1.000000
148,602,1.000000
148,381,1.000000
148,378,1.000000
151,1986,1.000000
151,2236,1.000000
151,2238,1.000000
151,2335,1.000000
153,109,1.000000
153,1623,1.000000
153,2045,1.000000
153,236,1.000000
153,459,1.000000
153,306,1.000000
154,1358,1.000000
154,2525,1.000000
154,1444,1.000000
154,1339,1.000000
154,1238,1.000000
154,1568,1.000000
154,364,1.000000
154,326,1.000000
154,1752,1.000000
154,1753,1.000000
154,1754,1.000000
154,819,1.000000
155,90,1.000000
155,1358,1.000000
155,817,1.000000
155,1736,1.000000
155,1689,1.000000
155,1763,1.000000
155,156,1.000000
156,90,1.000000
156,155,1.000000
156,1358,1.000000
156,817,1.000000
156,1689,1.000000
156,1763,1.000000
158,14,1.000000
158,1701,1.000000
158,2034,1.000000
158,180,1.000000
160,1986,1.000000
160,745,1.000000
160,277,1.000000
160,743,1.000000
160,2000,1.000000
160,2009,1.000000
160,553,1.000000
161,2010,1.000000
161,842,1.000000
162,88,1.000000
162,323,1.000000
162,1667,1.000000
162,1174,1.000000
162,1268,1.000000
170,1358,1.000000
170,1067,1.000000
173,1358,1.000000
173,687,1.000000
173,1033,1.000000
173,1586,1.000000
174,1358,1.000000
174,1742,1.000000
174,629,1.000000
174,2334,1.000000
179,1986,1.000000
179,231,1.000000
179,197,1.000000
180,158,1.000000
184,520,1.000000
185,2003,1.000000
185,297,1.000000
187,1208,1.000000
188,1169,1.000000
188,1727,1.000000
191,608,1.000000
191,382,1.000000
191,1677,1.000000
191,1998,1.000000
191,2385,1.000000
191,1791,1.000000
192,2472,1.000000
193,441,1.000000
193,458,1.000000
196,429,1.000000
196,2122,1.000000
196,442,1.000000
197,179,1.000000
197,231,1.000000
197,2412,1.000000
199,1869,1.000000
199,420,1.000000
201,297,1.000000
202,1250,1.000000
202,353,1.000000
202,1173,1.000000
202,1345,1.000000
203,857,1.000000
203,854,1.000000
203,1115,1.000000
203,963,1.000000
203,1869,1.000000
206,71,1.000000
206,2691,1.000000
208,7,1.000000
210,1907,1.000000
210,1079,1.000000
210,1671,1.000000
210,2309,1.000000
211,1394,1.000000
211,1908,1.000000
211,1909,1.000000
214,2194,1.000000
215,1701,1.000000
215,1986,1.000000
215,2045,1.000000
216,1701,1.000000
216,1542,1.000000
218,733,1.000000
218,482,1.000000
218,2119,1.000000
218,1382,1.000000
218,792,1.000000
218,781,1.000000
218,2091,1.000000
220,913,1.000000
220,376,1.000000
220,817,1.000000
221,817,1.000000
224,1810,1.000000
224,2034,1.000000
226,1701,1.000000
228,1358,1.000000
228,1871,1.000000
228,1721,1.000000
228,322,1.000000
228,848,1.000000
230,1810,1.000000
230,549,1.000000
230,577,1.000000
230,1095,1.000000
230,1217,1.000000
231,179,1.000000
231,197,1.000000
234,610,1.000000
234,2591,1.000000
235,1701,1.000000
236,109,1.000000
236,126,1.000000
236,138,1.000000
236,153,1.000000
236,1072,1.000000
236,2045,1.000000
236,1572,1.000000
236,2046,1.000000
236,2078,1.000000
236,2079,1.000000
236,306,1.000000
239,65,1.000000
239,2182,1.000000
239,1376,1.000000
239,1274,1.000000
239,2418,1.000000
239,1909,1.000000
239,910,1.000000
239,2021,1.000000
244,1358,1.000000
244,1072,1.000000
244,565,1.000000
244,1610,1.000000
245,782,1.000000
245,1162,1.000000
246,1358,1.000000
246,1687,1.000000
246,936,1.000000
246,2515,1.000000
249,1978,1.000000
249,1884,1.000000
249,621,1.000000
257,80,1.000000
257,2180,1.000000
257,1388,1.000000
257,964,1.000000
260,365,1.000000
261,1701,1.000000
261,873,1.000000
261,1894,1.000000
261,1479,1.000000
263,1103,1.000000
263,364,1.000000
263,732,1.000000
264,1902,1.000000
264,1826,1.000000
264,472,1.000000
264,844,1.000000
266,578,1.000000
266,2227,1.000000
266,2229,1.000000
266,809,1.000000
267,670,1.000000
267,2000,1.000000
267,2373,1.000000
268,1740,1.000000
268,2451,1.000000
269,8,1.000000
269,321,1.000000
269,418,1.000000
269,2543,1.000000
269,2551,1.000000
272,2012,1.000000
273,374,1.000000
273,846,1.000000
274,749,1.000000
274,748,1.000000
275,1967,1.000000
275,805,1.000000
276,1463,1.000000
276,1695,1.000000
276,2133,1.000000
277,160,1.000000
277,973,1.000000
277,553,1.000000
277,1869,1.000000
277,696,1.000000
281,8,1.000000
281,101,1.000000
281,2247,1.000000
281,2244,1.000000
281,1347,1.000000
281,1000,1.000000
281,1382,1.000000
281,746,1.000000
283,2250,1.000000
283,1559,1.000000
285,1999,1.000000
285,502,1.000000
286,33,1.000000
286,442,1.000000
286,698,1.000000
287,2705,1.000000
288,618,1.000000
289,109,1.000000
289,1358,1.000000
289,1722,1.000000
290,687,1.000000
290,2359,1.000000
290,1765,1.000000
290,328,1.000000
290,567,1.000000
294,306,1.000000
294,2047,1.000000
297,185,1.000000
297,201,1.000000
297,1542,1.000000
297,598,1.000000
297,899,1.000000
301,1169,1.000000
301,2492,1.000000
302,306,1.000000
302,1158,1.000000
302,719,1.000000
302,350,1.000000
302,1253,1.000000
305,1416,1.000000
305,1927,1.000000
306,103,1.000000
306,109,1.000000
306,112,1.000000
306,124,1.000000
306,126,1.000000
306,138,1.000000
306,139,1.000000
306,153,1.000000
306,236,1.000000
306,294,1.000000
306,302,1.000000
306,1072,1.000000
306,2045,1.000000
306,973,1.000000
306,608,1.000000
306,542,1.000000
306,655,1.000000
306,1572,1.000000
306,1770,1.000000
306,573,1.000000
306,2084,1.000000
306,1551,1.000000
306,1797,1.000000
306,1656,1.000000
306,2085,1.000000
306,958,1.000000
306,1856,1.000000
306,1584,1.000000
306,1771,1.000000
306,1651,1.000000
306,2086,1.000000
306,1009,1.000000
306,1193,1.000000
306,2087,1.000000
306,2046,1.000000
306,1772,1.000000
306,2078,1.000000
306,1045,1.000000
306,2080,1.000000
306,1775,1.000000
306,1787,1.000000
306,350,1.000000
306,1251,1.000000
306,1779,1.000000
306,1346,1.000000
306,452,1.000000
306,487,1.000000
306,519,1.000000
306,1805,1.000000
306,426,1.000000
306,2091,1.000000
306,1367,1.000000
306,910,1.000000
308,1253,1.000000
311,343,1.000000
311,690,1.000000
311,1132,1.000000
311,1865,1.000000
312,1740,1.000000
312,1610,1.000000
312,1722,1.000000
314,1623,1.000000
314,2000,1.000000
317,1624,1.000000
317,1785,1.000000
318,109,1.000000
318,1701,1.000000
318,2045,1.000000
318,563,1.000000
319,1205,1.000000
320,1597,1.000000
320,348,1.000000
321,269,1.000000
321,1450,1.000000
321,1083,1.000000
322,228,1.000000
323,55,1.000000
323,162,1.000000
323,498,1.000000
324,2194,1.000000
324,827,1.000000
324,2156,1.000000
326,154,1.000000
326,1358,1.000000
326,1754,1.000000
327,1996,1.000000
328,290,1.000000
328,1250,1.000000
328,951,1.000000
331,1527,1.000000
331,2480,1.000000
332,2,1.000000
332,2615,1.000000
332,665,1.000000
332,2003,1.000000
332,2122,1.000000
333,1358,1.000000
333,1694,1.000000
334,95,1.000000
334,1013,1.000000
334,693,1.000000
337,1358,1.000000
337,1776,1.000000
337,1214,1.000000
337,1499,1.000000
341,1358,1.000000
341,2045,1.000000
341,613,1.000000
341,1546,1.000000
341,1389,1.000000
343,311,1.000000
343,1701,1.000000
346,1358,1.000000
346,999,1.000000
348,320,1.000000
348,2248,1.000000
348,2250,1.000000
348,1643,1.000000
349,2427,1.000000
350,302,1.000000
350,1623,1.000000
350,2084,1.000000
350,2085,1.000000
350,1775,1.000000
351,1810,1.000000
353,202,1.000000
353,2507,1.000000
353,1173,1.000000
353,1345,1.000000
357,1358,1.000000
357,1154,1.000000
357,657,1.000000
357,2652,1.000000
358,2642,1.000000
363,1003,1.000000
364,154,1.000000
364,263,1.000000
364,1358,1.000000
364,1632,1.000000
364,970,1.000000
364,2642,1.000000
364,1606,1.000000
364,1756,1.000000
364,1306,1.000000
364,732,1.000000
364,819,1.000000
365,260,1.000000
365,2469,1.000000
369,385,1.000000
369,2484,1.000000
372,1834,1.000000
372,1710,1.000000
372,2377,1.000000
372,626,1.000000
374,273,1.000000
374,2146,1.000000
374,2149,1.000000
374,413,1.000000
374,846,1.000000
374,2147,1.000000
374,1101,1.000000
375,963,1.000000
375,2401,1.000000
375,2434,1.000000
375,2435,1.000000
376,220,1.000000
376,1583,1.000000
376,672,1.000000
378,148,1.000000
378,602,1.000000
380,930,1.000000
380,2569,1.000000
380,477,1.000000
381,148,1.000000
381,2518,1.000000
381,2538,1.000000
382,191,1.000000
382,2034,1.000000
382,1203,1.000000
384,1623,1.000000
384,1624,1.000000
385,369,1.000000
385,2483,1.000000
385,2484,1.000000
390,1108,1.000000
391,68,1.000000
391,1986,1.000000
391,2365,1.000000
391,493,1.000000
393,739,1.000000
394,1063,1.000000
394,577,1.000000
394,2351,1.000000
394,849,1.000000
394,1064,1.000000
396,1988,1.000000
396,1217,1.000000
398,730,1.000000
398,2177,1.000000
399,133,1.000000
399,1089,1.000000
399,544,1.000000
399,1769,1.000000
403,1742,1.000000
403,464,1.000000
403,2503,1.000000
403,1037,1.000000
403,2654,1.000000
403,806,1.000000
403,1383,1.000000
404,1476,1.000000
404,1170,1.000000
405,1927,1.000000
405,2059,1.000000
405,1275,1.000000
405,738,1.000000
407,1681,1.000000
407,1682,1.000000
407,695,1.000000
407,409,1.000000
409,407,1.000000
409,1624,1.000000
409,1681,1.000000
409,2084,1.000000
410,1179,1.000000
410,676,1.000000
411,1488,1.000000
411,1096,1.000000
411,1577,1.000000
411,2609,1.000000
413,374,1.000000
415,1677,1.000000
415,1843,1.000000
415,593,1.000000
415,966,1.000000
415,851,1.000000
415,818,1.000000
415,2014,1.000000
415,1908,1.000000
415,2178,1.000000
415,1174,1.000000
415,1644,1.000000
415,1527,1.000000
415,525,1.000000
415,2182,1.000000
416,1701,1.000000
416,519,1.000000
417,1871,1.000000
418,269,1.000000
420,199,1.000000
420,1869,1.000000
422,545,1.000000
424,436,1.000000
424,1203,1.000000
425,2466,1.000000
426,109,1.000000
426,306,1.000000
426,1805,1.000000
426,1777,1.000000
426,1789,1.000000
426,487,1.000000
426,1772,1.000000
427,565,1.000000
427,1528,1.000000
429,86,1.000000
429,196,1.000000
429,2044,1.000000
429,1889,1.000000
429,2041,1.000000
429,1669,1.000000
429,705,1.000000
430,2130,1.000000
432,1597,1.000000
432,1442,1.000000
433,436,1.000000
433,756,1.000000
434,1117,1.000000
435,733,1.000000
435,1912,1.000000
435,486,1.000000
436,424,1.000000
436,433,1.000000
436,1977,1.000000
436,1978,1.000000
436,878,1.000000
436,1979,1.000000
436,1039,1.000000
436,816,1.000000
436,498,1.000000
436,1332,1.000000
436,885,1.000000
436,1494,1.000000
436,668,1.000000
436,483,1.000000
436,1980,1.000000
436,1981,1.000000
436,1982,1.000000
436,1131,1.000000
438,1667,1.000000
439,1169,1.000000
439,1642,1.000000
441,70,1.000000
441,129,1.000000
441,193,1.000000
441,2184,1.000000
442,196,1.000000
442,286,1.000000
442,627,1.000000
442,2362,1.000000
442,588,1.000000
442,1051,1.000000
442,2120,1.000000
442,698,1.000000
449,73,1.000000
449,1834,1.000000
449,1280,1.000000
450,1569,1.000000
450,2538,1.000000
452,133,1.000000
452,306,1.000000
452,1623,1.000000
452,1258,1.000000
455,2486,1.000000
455,2147,1.000000
455,1664,1.000000
456,95,1.000000
456,142,1.000000
456,525,1.000000
456,2054,1.000000
456,667,1.000000
456,2347,1.000000
456,2199,1.000000
456,2472,1.000000
456,544,1.000000
458,125,1.000000
458,193,1.000000
458,1122,1.000000
458,1953,1.000000
458,1555,1.000000
458,1276,1.000000
459,109,1.000000
459,153,1.000000
459,1623,1.000000
459,1681,1.000000
460,1986,1.000000
460,1989,1.000000
460,2532,1.000000
461,2309,1.000000
461,1203,1.000000
464,403,1.000000
464,2444,1.000000
464,2445,1.000000
464,1758,1.000000
466,1358,1.000000
466,2546,1.000000
466,970,1.000000
466,1738,1.000000
466,1305,1.000000
467,1701,1.000000
467,1708,1.000000
469,2412,1.000000
469,2304,1.000000
469,620,1.000000
470,857,1.000000
470,854,1.000000
470,1115,1.000000
470,652,1.000000
470,1097,1.000000
471,2013,1.000000
472,264,1.000000
472,844,1.000000
474,1181,1.000000
475,2219,1.000000
477,380,1.000000
477,2569,1.000000
477,930,1.000000
478,514,1.000000
478,2024,1.000000
478,1978,1.000000
480,598,1.000000
480,687,1.000000
480,2359,1.000000
480,1710,1.000000
480,2372,1.000000
480,1426,1.000000
481,1810,1.000000
481,2291,1.000000
481,823,1.000000
481,1287,1.000000
482,218,1.000000
482,2230,1.000000
482,1812,1.000000
482,1814,1.000000
482,1810,1.000000
483,120,1.000000
483,436,1.000000
483,2405,1.000000
483,816,1.000000
484,103,1.000000
484,542,1.000000
484,2081,1.000000
484,2046,1.000000
484,1699,1.000000
484,1367,1.000000
484,1775,1.000000
485,2219,1.000000
486,435,1.000000
486,2077,1.000000
486,2667,1.000000
486,2668,1.000000
487,112,1.000000
487,306,1.000000
487,426,1.000000
487,655,1.000000
487,2026,1.000000
487,1773,1.000000
487,2080,1.000000
487,1772,1.000000
489,1358,1.000000
489,2390,1.000000
489,2391,1.000000
490,1463,1.000000
490,1981,1.000000
492,2538,1.000000
493,391,1.000000
493,1759,1.000000
493,1244,1.000000
498,436,1.000000
501,1358,1.000000
501,1765,1.000000
502,285,1.000000
505,573,1.000000
505,1180,1.000000
505,1304,1.000000
505,1448,1.000000
505,1258,1.000000
505,1251,1.000000
505,1779,1.000000
505,1560,1.000000
508,2325,1.000000
509,1101,1.000000
509,2146,1.000000
509,2148,1.000000
510,1013,1.000000
510,1131,1.000000
510,1171,1.000000
511,1810,1.000000
511,549,1.000000
513,565,1.000000
513,1528,1.000000
513,657,1.000000
514,120,1.000000
514,478,1.000000
514,1978,1.000000
514,1882,1.000000
514,1314,1.000000
516,2104,1.000000
516,1882,1.000000
519,109,1.000000
519,306,1.000000
519,416,1.000000
519,2045,1.000000
519,1574,1.000000
519,1670,1.000000
519,836,1.000000
519,1998,1.000000
519,1986,1.000000
519,1346,1.000000
519,598,1.000000
520,184,1.000000
521,598,1.000000
524,1358,1.000000
524,979,1.000000
524,2476,1.000000
524,1169,1.000000
524,552,1.000000
525,142,1.000000
525,415,1.000000
525,456,1.000000
525,1540,1.000000
525,2180,1.000000
525,2181,1.000000
525,2054,1.000000
525,2182,1.000000
525,2057,1.000000
525,2172,1.000000
526,565,1.000000
526,1742,1.000000
526,1216,1.000000
526,1007,1.000000
530,1013,1.000000
530,2094,1.000000
530,1505,1.000000
531,606,1.000000
531,2308,1.000000
533,1742,1.000000
533,2466,1.000000
534,629,1.000000
534,609,1.000000
538,1286,1.000000
542,306,1.000000
542,484,1.000000
542,1623,1.000000
542,1245,1.000000
544,399,1.000000
544,456,1.000000
544,2199,1.000000
544,1769,1.000000
544,2347,1.000000
545,422,1.000000
546,1608,1.000000
546,2127,1.000000
547,1701,1.000000
547,598,1.000000
548,2138,1.000000
548,809,1.000000
548,1937,1.000000
548,1523,1.000000
549,230,1.000000
549,511,1.000000
549,1810,1.000000
549,1497,1.000000
552,524,1.000000
552,1358,1.000000
552,1169,1.000000
552,2201,1.000000
553,160,1.000000
553,277,1.000000
553,1995,1.000000
553,1583,1.000000
553,2009,1.000000
555,1463,1.000000
556,1623,1.000000
556,1805,1.000000
557,1725,1.000000
558,73,1.000000
558,2585,1.000000
558,876,1.000000
558,1706,1.000000
558,1189,1.000000
563,109,1.000000
563,318,1.000000
563,1701,1.000000
563,2045,1.000000
563,1337,1.000000
565,244,1.000000
565,427,1.000000
565,513,1.000000
565,526,1.000000
565,1398,1.000000
565,1361,1.000000
565,1610,1.000000
565,1723,1.000000
565,1528,1.000000
565,687,1.000000
567,290,1.000000
568,1810,1.000000
568,1116,1.000000
568,1223,1.000000
571,696,1.000000
571,1570,1.000000
573,306,1.000000
573,505,1.000000
573,643,1.000000
573,2407,1.000000
575,2283,1.000000
577,230,1.000000
577,394,1.000000
577,1518,1.000000
577,870,1.000000
577,906,1.000000
577,2351,1.000000
577,2352,1.000000
577,2353,1.000000
577,2354,1.000000
577,849,1.000000
577,1063,1.000000
577,1129,1.000000
578,266,1.000000
580,59,1.000000
580,1358,1.000000
580,2444,1.000000
580,1742,1.000000
580,2445,1.000000
580,1758,1.000000
580,1765,1.000000
587,1032,1.000000
588,33,1.000000
588,442,1.000000
588,2383,1.000000
588,698,1.000000
590,1954,1.000000
590,1441,1.000000
591,1423,1.000000
591,1017,1.000000
591,1078,1.000000
591,2472,1.000000
591,642,1.000000
592,2669,1.000000
593,415,1.000000
593,1115,1.000000
593,1474,1.000000
594,2195,1.000000
594,663,1.000000
597,1628,1.000000
597,1104,1.000000
598,48,1.000000
598,201,1.000000
598,297,1.000000
598,480,1.000000
598,519,1.000000
598,521,1.000000
598,547,1.000000
598,1003,1.000000
598,1107,1.000000
598,2138,1.000000
598,1299,1.000000
598,968,1.000000
598,637,1.000000
598,1823,1.000000
598,1301,1.000000
598,1573,1.000000
598,1875,1.000000
598,1100,1.000000
601,2229,1.000000
602,148,1.000000
602,378,1.000000
605,1107,1.000000
605,2534,1.000000
606,27,1.000000
606,531,1.000000
606,2230,1.000000
606,2360,1.000000
606,1666,1.000000
606,2361,1.000000
608,103,1.000000
608,191,1.000000
608,306,1.000000
608,1623,1.000000
608,2080,1.000000
609,59,1.000000
609,534,1.000000
609,1358,1.000000
609,2446,1.000000
609,1041,1.000000
609,2447,1.000000
609,2448,1.000000
610,109,1.000000
610,234,1.000000
610,2287,1.000000
610,2481,1.000000
611,2690,1.000000
612,2235,1.000000
613,341,1.000000
613,1358,1.000000
615,59,1.000000
615,2443,1.000000
616,1358,1.000000
616,2365,1.000000
616,1739,1.000000
616,2503,1.000000
617,705,1.000000
618,288,1.000000
618,938,1.000000
620,469,1.000000
620,2534,1.000000
620,923,1.000000
621,249,1.000000
621,2018,1.000000
621,1332,1.000000
621,1978,1.000000
625,1024,1.000000
626,372,1.000000
626,1358,1.000000
626,2556,1.000000
626,2558,1.000000
627,442,1.000000
627,2122,1.000000
627,2238,1.000000
627,2335,1.000000
628,2546,1.000000
628,1725,1.000000
629,174,1.000000
629,534,1.000000
629,883,1.000000
637,598,1.000000
637,1641,1.000000
638,1773,1.000000
638,808,1.000000
639,900,1.000000
641,2704,1.000000
642,591,1.000000
642,2472,1.000000
643,573,1.000000
643,1538,1.000000
643,1167,1.000000
643,2407,1.000000
644,2177,1.000000
644,1258,1.000000
645,1358,1.000000
645,1267,1.000000
645,1900,1.000000
645,1895,1.000000
645,891,1.000000
645,1826,1.000000
647,1267,1.000000
648,1441,1.000000
649,1171,1.000000
649,1457,1.000000
650,1250,1.000000
650,1486,1.000000
650,1557,1.000000
650,1685,1.000000
650,1756,1.000000
650,819,1.000000
650,2083,1.000000
651,55,1.000000
651,2023,1.000000
651,885,1.000000
651,2024,1.000000
651,1667,1.000000
651,2156,1.000000
652,1,1.000000
652,470,1.000000
654,1,1.000000
655,306,1.000000
655,487,1.000000
655,2080,1.000000
657,357,1.000000
657,513,1.000000
657,1254,1.000000
657,1740,1.000000
657,1229,1.000000
657,2440,1.000000
657,2522,1.000000
657,2442,1.000000
657,867,1.000000
657,871,1.000000
657,2523,1.000000
657,1729,1.000000
658,2147,1.000000
660,139,1.000000
660,1623,1.000000
661,1878,1.000000
661,1045,1.000000
661,1882,1.000000
663,594,1.000000
663,2195,1.000000
665,332,1.000000
665,2120,1.000000
667,456,1.000000
667,2364,1.000000
667,2472,1.000000
668,436,1.000000
670,267,1.000000
670,2606,1.000000
672,376,1.000000
672,2456,1.000000
675,94,1.000000
675,2356,1.000000
676,410,1.000000
676,1955,1.000000
676,2235,1.000000
680,2199,1.000000
684,1358,1.000000
684,1282,1.000000
686,1358,1.000000
686,2366,1.000000
687,173,1.000000
687,290,1.000000
687,480,1.000000
687,565,1.000000
687,1358,1.000000
687,1171,1.000000
687,1710,1.000000
687,1033,1.000000
687,1586,1.000000
687,1610,1.000000
687,1725,1.000000
687,2359,1.000000
687,1546,1.000000
687,2372,1.000000
687,1721,1.000000
689,1358,1.000000
689,1317,1.000000
689,1169,1.000000
689,1721,1.000000
689,1292,1.000000
690,311,1.000000
693,334,1.000000
695,407,1.000000
695,1336,1.000000
695,1681,1.000000
695,1682,1.000000
695,1998,1.000000
695,2319,1.000000
695,1012,1.000000
695,1790,1.000000
695,948,1.000000
696,88,1.000000
696,277,1.000000
696,571,1.000000
696,1570,1.000000
697,30,1.000000
697,1080,1.000000
698,33,1.000000
698,286,1.000000
698,442,1.000000
698,588,1.000000
698,1015,1.000000
701,129,1.000000
701,735,1.000000
701,739,1.000000
701,2062,1.000000
705,429,1.000000
705,617,1.000000
706,805,1.000000
708,1358,1.000000
708,2212,1.000000
708,2216,1.000000
708,836,1.000000
710,2212,1.000000
712,2480,1.000000
714,48,1.000000
714,148,1.000000
714,1385,1.000000
717,1907,1.000000
719,302,1.000000
719,306,1.000000
719,1623,1.000000
719,1810,1.000000
721,1034,1.000000
722,1273,1.000000
722,1874,1.000000
722,2500,1.000000
722,1567,1.000000
722,2501,1.000000
724,1344,1.000000
724,2394,1.000000
724,2395,1.000000
725,1104,1.000000
727,1386,1.000000
727,2570,1.000000
729,2534,1.000000
729,1221,1.000000
729,1159,1.000000
730,398,1.000000
731,901,1.000000
731,2199,1.000000
731,1279,1.000000
731,2203,1.000000
732,263,1.000000
732,364,1.000000
732,1756,1.000000
733,45,1.000000
733,435,1.000000
733,2035,1.000000
733,1062,1.000000
733,2011,1.000000
733,2301,1.000000
733,2302,1.000000
733,1329,1.000000
733,1818,1.000000
733,2303,1.000000
733,2291,1.000000
733,1682,1.000000
733,1192,1.000000
733,2008,1.000000
734,2277,1.000000
734,1006,1.000000
734,2197,1.000000
734,1388,1.000000
734,964,1.000000
734,736,1.000000
735,701,1.000000
735,1958,1.000000
735,2061,1.000000
735,2062,1.000000
735,739,1.000000
736,95,1.000000
736,734,1.000000
736,1006,1.000000
736,2197,1.000000
736,1388,1.000000
736,964,1.000000
737,2178,1.000000
737,1269,1.000000
738,30,1.000000
738,405,1.000000
738,1927,1.000000
738,2162,1.000000
738,1080,1.000000
739,393,1.000000
739,701,1.000000
739,735,1.000000
739,1958,1.000000
740,141,1.000000
740,1002,1.000000
740,2033,1.000000
741,2093,1.000000
741,1011,1.000000
741,1088,1.000000
741,1282,1.000000
741,831,1.000000
743,88,1.000000
743,160,1.000000
743,1986,1.000000
743,745,1.000000
743,1239,1.000000
743,1570,1.000000
745,160,1.000000
745,743,1.000000
745,1995,1.000000
745,2009,1.000000
746,281,1.000000
746,1303,1.000000
746,2006,1.000000
748,274,1.000000
748,1358,1.000000
748,1103,1.000000
748,1169,1.000000
748,1617,1.000000
748,1550,1.000000
748,1732,1.000000
748,1568,1.000000
748,1374,1.000000
748,1145,1.000000
749,274,1.000000
749,2155,1.000000
749,1333,1.000000
756,433,1.000000
756,885,1.000000
757,1358,1.000000
757,2421,1.000000
757,1284,1.000000
758,111,1.000000
758,1358,1.000000
758,2492,1.000000
758,1762,1.000000
760,1426,1.000000
762,2448,1.000000
762,859,1.000000
764,1358,1.000000
764,796,1.000000
764,1612,1.000000
764,1606,1.000000
768,1566,1.000000
768,1723,1.000000
768,1724,1.000000
769,1927,1.000000
772,908,1.000000
773,1072,1.000000
773,1505,1.000000
780,2341,1.000000
781,218,1.000000
781,2402,1.000000
782,245,1.000000
784,1701,1.000000
784,960,1.000000
785,1664,1.000000
786,947,1.000000
788,2205,1.000000
788,2041,1.000000
788,2033,1.000000
789,1703,1.000000
789,1240,1.000000
792,218,1.000000
792,1558,1.000000
792,2555,1.000000
792,1986,1.000000
792,1488,1.000000
796,764,1.000000
796,1358,1.000000
796,1103,1.000000
796,1317,1.000000
797,73,1.000000
797,1358,1.000000
797,800,1.000000
797,1833,1.000000
797,2359,1.000000
798,1381,1.000000
798,1793,1.000000
798,1794,1.000000
798,1795,1.000000
799,961,1.000000
800,797,1.000000
800,889,1.000000
800,820,1.000000
800,1834,1.000000
805,275,1.000000
805,706,1.000000
805,2236,1.000000
805,963,1.000000
806,403,1.000000
806,1383,1.000000
808,638,1.000000
808,2383,1.000000
808,1785,1.000000
809,266,1.000000
809,548,1.000000
809,2229,1.000000
809,2228,1.000000
809,1115,1.000000
810,1068,1.000000
811,900,1.000000
811,855,1.000000
814,1158,1.000000
814,2382,1.000000
814,893,1.000000
814,2383,1.000000
815,55,1.000000
815,88,1.000000
815,2018,1.000000
815,1344,1.000000
815,1174,1.000000
815,2017,1.000000
816,120,1.000000
816,436,1.000000
816,483,1.000000
816,2405,1.000000
816,2282,1.000000
816,1842,1.000000
816,1980,1.000000
817,90,1.000000
817,155,1.000000
817,156,1.000000
817,220,1.000000
817,221,1.000000
817,2456,1.000000
817,1736,1.000000
817,1763,1.000000
818,415,1.000000
818,1999,1.000000
819,154,1.000000
819,364,1.000000
819,650,1.000000
819,1358,1.000000
819,1606,1.000000
820,800,1.000000
820,889,1.000000
823,481,1.000000
823,1358,1.000000
823,1169,1.000000
823,1765,1.000000
823,2221,1.000000
825,1765,1.000000
826,2287,1.000000
827,324,1.000000
827,1999,1.000000
827,1039,1.000000
831,741,1.000000
831,2093,1.000000
831,1011,1.000000
833,1641,1.000000
833,2595,1.000000
833,1678,1.000000
833,1130,1.000000
835,1810,1.000000
835,1121,1.000000
835,1654,1.000000
836,519,1.000000
836,708,1.000000
836,1572,1.000000
836,1013,1.000000
836,2078,1.000000
836,1131,1.000000
839,2277,1.000000
839,965,1.000000
840,2481,1.000000
840,1903,1.000000
841,88,1.000000
841,2034,1.000000
842,87,1.000000
842,118,1.000000
842,161,1.000000
842,2016,1.000000
844,264,1.000000
844,472,1.000000
844,1902,1.000000
846,273,1.000000
846,374,1.000000
846,2146,1.000000
848,228,1.000000
849,394,1.000000
849,577,1.000000
849,2351,1.000000
849,1993,1.000000
851,88,1.000000
851,415,1.000000
851,2018,1.000000
851,1309,1.000000
853,1358,1.000000
853,1169,1.000000
853,1762,1.000000
854,203,1.000000
854,470,1.000000
854,857,1.000000
854,1097,1.000000
855,811,1.000000
855,2493,1.000000
857,203,1.000000
857,470,1.000000
857,854,1.000000
857,1246,1.000000
857,1097,1.000000
858,2182,1.000000
858,2502,1.000000
859,762,1.000000
861,95,1.000000
861,2330,1.000000
861,2068,1.000000
861,1397,1.000000
865,2653,1.000000
867,657,1.000000
867,1229,1.000000
867,2439,1.000000
867,2440,1.000000
867,2522,1.000000
867,1252,1.000000
867,2442,1.000000
867,871,1.000000
867,2523,1.000000
870,577,1.000000
870,1119,1.000000
870,2126,1.000000
871,657,1.000000
871,867,1.000000
871,1229,1.000000
871,2530,1.000000
871,2652,1.000000
873,261,1.000000
873,1358,1.000000
873,2313,1.000000
873,1479,1.000000
873,1708,1.000000
876,73,1.000000
876,558,1.000000
876,1358,1.000000
876,2584,1.000000
878,436,1.000000
878,2326,1.000000
878,885,1.000000
880,1013,1.000000
880,973,1.000000
882,1358,1.000000
883,609,1.000000
883,629,1.000000
885,436,1.000000
885,651,1.000000
885,756,1.000000
885,878,1.000000
885,1039,1.000000
885,2024,1.000000
889,800,1.000000
889,820,1.000000
889,1830,1.000000
889,1832,1.000000
890,1269,1.000000
890,1314,1.000000
891,645,1.000000
891,2608,1.000000
891,1674,1.000000
893,638,1.000000
893,814,1.000000
893,911,1.000000
893,1051,1.000000
893,2383,1.000000
897,146,1.000000
897,1410,1.000000
897,1907,1.000000
897,1152,1.000000
897,1494,1.000000
897,2295,1.000000
899,297,1.000000
899,1858,1.000000
899,1986,1.000000
899,1055,1.000000
900,639,1.000000
900,811,1.000000
901,731,1.000000
901,2199,1.000000
901,2073,1.000000
901,1279,1.000000
902,1358,1.000000
902,1284,1.000000
902,1604,1.000000
906,577,1.000000
906,2351,1.000000
906,2353,1.000000
908,772,1.000000
908,1013,1.000000
910,139,1.000000
910,239,1.000000
910,306,1.000000
910,1623,1.000000
910,2085,1.000000
911,33,1.000000
911,893,1.000000
911,2376,1.000000
911,1534,1.000000
911,1051,1.000000
912,2130,1.000000
913,220,1.000000
915,1740,1.000000
915,1035,1.000000
915,2597,1.000000
915,2415,1.000000
918,1542,1.000000
918,2065,1.000000
918,1098,1.000000
923,620,1.000000
925,1222,1.000000
929,1358,1.000000
929,2627,1.000000
930,380,1.000000
930,477,1.000000
930,2569,1.000000
931,1433,1.000000
936,246,1.000000
936,1067,1.000000
936,2530,1.000000
936,2515,1.000000
937,1180,1.000000
937,1304,1.000000
938,618,1.000000
938,2230,1.000000
938,2027,1.000000
939,2173,1.000000
940,1829,1.000000
941,2517,1.000000
943,1196,1.000000
944,2138,1.000000
945,1072,1.000000
945,1911,1.000000
945,2388,1.000000
947,786,1.000000
948,695,1.000000
948,1395,1.000000
948,1681,1.000000
948,1682,1.000000
951,328,1.000000
951,1358,1.000000
953,2565,1.000000
953,2566,1.000000
953,2567,1.000000
957,1557,1.000000
957,1685,1.000000
957,1757,1.000000
957,2167,1.000000
957,2083,1.000000
958,306,1.000000
958,1072,1.000000
958,1798,1.000000
959,2529,1.000000
960,784,1.000000
960,1776,1.000000
960,2650,1.000000
961,799,1.000000
961,2555,1.000000
961,1728,1.000000
961,2599,1.000000
962,1062,1.000000
962,1809,1.000000
962,1810,1.000000
963,203,1.000000
963,375,1.000000
963,706,1.000000
963,805,1.000000
963,1785,1.000000
963,2401,1.000000
963,1703,1.000000
963,2434,1.000000
964,257,1.000000
964,734,1.000000
964,736,1.000000
964,1388,1.000000
964,965,1.000000
965,839,1.000000
965,964,1.000000
965,2197,1.000000
965,1693,1.000000
966,415,1.000000
968,598,1.000000
968,1986,1.000000
968,1603,1.000000
970,16,1.000000
970,364,1.000000
970,466,1.000000
970,1358,1.000000
970,2365,1.000000
972,2247,1.000000
972,1000,1.000000
972,2579,1.000000
973,277,1.000000
973,880,1.000000
973,2019,1.000000
973,1142,1.000000
974,1496,1.000000
976,998,1.000000
976,1431,1.000000
978,1358,1.000000
978,998,1.000000
979,524,1.000000
979,1303,1.000000
979,2207,1.000000
979,1503,1.000000
979,1957,1.000000
979,1839,1.000000
981,1221,1.000000
981,1159,1.000000
984,1068,1.000000
986,2697,1.000000
987,1175,1.000000
994,1329,1.000000
994,1219,1.000000
995,1309,1.000000
995,2385,1.000000
995,1912,1.000000
998,976,1.000000
998,978,1.000000
998,1103,1.000000
998,2365,1.000000
998,1431,1.000000
998,1284,1.000000
999,346,1.000000
999,1358,1.000000
1000,281,1.000000
1000,972,1.000000
1000,2543,1.000000
1000,1325,1.000000
1002,141,1.000000
1002,740,1.000000
1002,2034,1.000000
1002,2033,1.000000
1003,363,1.000000
1003,598,1.000000
1003,1687,1.000000
1003,2607,1.000000
1004,1810,1.000000
1004,1489,1.000000
1005,1541,1.000000
1006,734,1.000000
1006,736,1.000000
1006,1302,1.000000
1007,526,1.000000
1007,1742,1.000000
1007,1154,1.000000
1007,2466,1.000000
1009,306,1.000000
1009,2096,1.000000
1011,741,1.000000
1011,831,1.000000
1012,695,1.000000
1012,1336,1.000000
1012,1681,1.000000
1012,1682,1.000000
1012,1797,1.000000
1013,334,1.000000
1013,510,1.000000
1013,530,1.000000
1013,880,1.000000
1013,908,1.000000
1013,1842,1.000000
1013,1843,1.000000
1013,1729,1.000000
1013,1625,1.000000
1013,1644,1.000000
1013,2045,1.000000
1014,1558,1.000000
1015,698,1.000000
1015,1385,1.000000
1015,1068,1.000000
1015,1425,1.000000
1015,2262,1.000000
1015,1788,1.000000
1015,1789,1.000000
1015,1452,1.000000
1015,1481,1.000000
1017,591,1.000000
1017,1475,1.000000
1017,2472,1.000000
1018,2378,1.000000
1019,1457,1.000000
1021,2309,1.000000
1022,1276,1.000000
1022,1963,1.000000
1023,1701,1.000000
1023,1986,1.000000
1023,2568,1.000000
1024,625,1.000000
1027,2394,1.000000
1032,587,1.000000
1033,173,1.000000
1033,687,1.000000
1033,2168,1.000000
1034,721,1.000000
1035,73,1.000000
1035,915,1.000000
1035,1740,1.000000
1035,1833,1.000000
1035,1486,1.000000
1035,1801,1.000000
1035,1433,1.000000
1037,403,1.000000
1037,2654,1.000000
1037,2447,1.000000
1039,436,1.000000
1039,827,1.000000
1039,885,1.000000
1040,1358,1.000000
1040,1317,1.000000
1040,1169,1.000000
1040,1765,1.000000
1041,609,1.000000
1041,1358,1.000000
1041,1243,1.000000
1041,1466,1.000000
1041,2390,1.000000
1041,2448,1.000000
1042,2073,1.000000
1042,1047,1.000000
1042,2055,1.000000
1042,1125,1.000000
1042,1925,1.000000
1042,2051,1.000000
1042,1481,1.000000
1042,2054,1.000000
1043,21,1.000000
1043,2309,1.000000
1045,109,1.000000
1045,306,1.000000
1045,661,1.000000
1045,1773,1.000000
1045,1571,1.000000
1047,1042,1.000000
1047,1588,1.000000
1050,1634,1.000000
1050,2563,1.000000
1050,1569,1.000000
1050,1230,1.000000
1050,1081,1.000000
1050,1380,1.000000
1050,1320,1.000000
1051,33,1.000000
1051,442,1.000000
1051,893,1.000000
1051,911,1.000000
1051,2122,1.000000
1051,2383,1.000000
1055,899,1.000000
1055,1577,1.000000
1059,1600,1.000000
1060,1441,1.000000
1062,733,1.000000
1062,962,1.000000
1062,1810,1.000000
1062,1192,1.000000
1063,394,1.000000
1063,577,1.000000
1063,1518,1.000000
1064,394,1.000000
1064,2351,1.000000
1064,2352,1.000000
1065,85,1.000000
1065,1699,1.000000
1066,1574,1.000000
1067,59,1.000000
1067,170,1.000000
1067,936,1.000000
1067,1830,1.000000
1067,2448,1.000000
1067,1216,1.000000
1068,810,1.000000
1068,984,1.000000
1068,1015,1.000000
1070,1167,1.000000
1070,1829,1.000000
1070,1725,1.000000
1072,236,1.000000
1072,244,1.000000
1072,773,1.000000
1072,958,1.000000
1072,1797,1.000000
1072,1798,1.000000
1072,1505,1.000000
1072,1801,1.000000
1072,1740,1.000000
1072,1805,1.000000
1072,1784,1.000000
1072,1725,1.000000
1075,1701,1.000000
1075,1124,1.000000
1078,591,1.000000
1079,55,1.000000
1079,210,1.000000
1079,1914,1.000000
1080,61,1.000000
1080,697,1.000000
1080,738,1.000000
1080,2162,1.000000
1081,1050,1.000000
1081,2563,1.000000
1082,1534,1.000000
1082,2386,1.000000
1083,321,1.000000
1083,2114,1.000000
1083,1450,1.000000
1085,2394,1.000000
1085,1421,1.000000
1085,2109,1.000000
1085,2110,1.000000
1086,2579,1.000000
1088,741,1.000000
1088,1089,1.000000
1089,399,1.000000
1089,1088,1.000000
1089,2086,1.000000
1089,1552,1.000000
1092,1171,1.000000
1092,2501,1.000000
1092,1106,1.000000
1095,230,1.000000
1095,1810,1.000000
1095,1986,1.000000
1095,1325,1.000000
1095,2613,1.000000
1096,411,1.000000
1096,1065,1.000000
1096,1633,1.000000
1097,470,1.000000
1097,854,1.000000
1097,857,1.000000
1097,1115,1.000000
1097,1869,1.000000
1098,918,1.000000
1098,2066,1.000000
1098,2067,1.000000
1098,1477,1.000000
1100,598,1.000000
1100,1701,1.000000
1101,374,1.000000
1101,509,1.000000
1101,2146,1.000000
1101,2148,1.000000
1101,1242,1.000000
1103,53,1.000000
1103,72,1.000000
1103,263,1.000000
1103,748,1.000000
1103,796,1.000000
1103,998,1.000000
1103,1358,1.000000
1103,1123,1.000000
1103,1718,1.000000
1103,1480,1.000000
1103,1886,1.000000
1103,1284,1.000000
1104,597,1.000000
1104,725,1.000000
1104,2264,1.000000
1106,1092,1.000000
1106,1874,1.000000
1106,2501,1.000000
1107,598,1.000000
1107,605,1.000000
1107,1810,1.000000
1107,2243,1.000000
1107,2379,1.000000
1108,390,1.000000
1111,1119,1.000000
1111,2126,1.000000
1111,1273,1.000000
1111,2129,1.000000
1111,2125,1.000000
1115,203,1.000000
1115,470,1.000000
1115,593,1.000000
1115,809,1.000000
1115,1097,1.000000
1116,568,1.000000
1116,1223,1.000000
1117,80,1.000000
1117,434,1.000000
1117,1628,1.000000
1117,2499,1.000000
1119,870,1.000000
1119,1111,1.000000
1119,2124,1.000000
1119,2128,1.000000
1119,2125,1.000000
1119,1663,1.000000
1119,1235,1.000000
1119,1462,1.000000
1119,2129,1.000000
1119,2127,1.000000
1119,2126,1.000000
1119,1273,1.000000
1119,1697,1.000000
1120,2194,1.000000
1121,835,1.000000
1121,1810,1.000000
1121,1410,1.000000
1122,458,1.000000
1123,1103,1.000000
1123,1358,1.000000
1124,1075,1.000000
1125,1042,1.000000
1125,2332,1.000000
1126,1823,1.000000
1129,577,1.000000
1129,1518,1.000000
1129,2351,1.000000
1129,2352,1.000000
1129,2353,1.000000
1130,833,1.000000
1130,2495,1.000000
1131,436,1.000000
1131,510,1.000000
1131,2282,1.000000
1131,1909,1.000000
1131,2283,1.000000
1132,311,1.000000
1136,73,1.000000
1136,2359,1.000000
1136,2554,1.000000
1136,1189,1.000000
1138,82,1.000000
1138,2248,1.000000
1138,2250,1.000000
1139,52,1.000000
1139,1628,1.000000
1139,2054,1.000000
1139,2182,1.000000
1142,973,1.000000
1142,2326,1.000000
1143,2262,1.000000
1145,748,1.000000
1145,1358,1.000000
1145,1169,1.000000
1147,1865,1.000000
1148,1317,1.000000
1148,2221,1.000000
1148,2220,1.000000
1148,1747,1.000000
1150,1243,1.000000
1152,897,1.000000
1152,1927,1.000000
1152,2155,1.000000
1152,2416,1.000000
1154,357,1.000000
1154,1007,1.000000
1154,1714,1.000000
1154,1715,1.000000
1154,2515,1.000000
1154,1742,1.000000
1158,302,1.000000
1158,306,1.000000
1158,814,1.000000
1158,2382,1.000000
1159,729,1.000000
1159,981,1.000000
1159,2534,1.000000
1162,245,1.000000
1162,1510,1.000000
1163,1402,1.000000
1163,2132,1.000000
1164,1287,1.000000
1166,1986,1.000000
1166,2582,1.000000
1167,643,1.000000
1167,1070,1.000000
1169,111,1.000000
1169,188,1.000000
1169,301,1.000000
1169,439,1.000000
1169,524,1.000000
1169,552,1.000000
1169,628,1.000000
1169,689,1.000000
1169,823,1.000000
1169,853,1.000000
1169,1040,1.000000
1169,1145,1.000000
1169,1714,1.000000
1169,2220,1.000000
1169,2492,1.000000
1170,404,1.000000
1170,1476,1.000000
1171,510,1.000000
1171,649,1.000000
1171,687,1.000000
1171,1092,1.000000
1171,2359,1.000000
1171,1909,1.000000
1173,202,1.000000
1173,353,1.000000
1173,1250,1.000000
1174,88,1.000000
1174,162,1.000000
1174,415,1.000000
1174,815,1.000000
1174,2394,1.000000
1174,1912,1.000000
1175,987,1.000000
1175,2359,1.000000
1179,410,1.000000
1179,1955,1.000000
1180,505,1.000000
1180,937,1.000000
1180,1304,1.000000
1181,474,1.000000
1186,2535,1.000000
1186,2574,1.000000
1189,73,1.000000
1189,558,1.000000
1189,1136,1.000000
1189,1358,1.000000
1189,2359,1.000000
1190,37,1.000000
1190,1387,1.000000
1192,733,1.000000
1192,1062,1.000000
1192,1621,1.000000
1193,306,1.000000
1193,1705,1.000000
1196,943,1.000000
1196,1624,1.000000
1196,1367,1.000000
1196,2300,1.000000
1197,1998,1.000000
1197,1791,1.000000
1199,1214,1.000000
1199,1566,1.000000
1199,1716,1.000000
1200,2207,1.000000
1200,1502,1.000000
1200,2414,1.000000
1202,2376,1.000000
1202,1428,1.000000
1202,2524,1.000000
1202,1510,1.000000
1203,382,1.000000
1203,424,1.000000
1203,461,1.000000
1203,1410,1.000000
1203,1842,1.000000
1203,2155,1.000000
1204,1838,1.000000
1204,1839,1.000000
1205,319,1.000000
1205,1358,1.000000
1205,1761,1.000000
1208,187,1.000000
1210,1648,1.000000
1212,1701,1.000000
1214,73,1.000000
1214,337,1.000000
1214,1199,1.000000
1214,1716,1.000000
1214,1499,1.000000
1214,1745,1.000000
1216,526,1.000000
1216,1067,1.000000
1216,2446,1.000000
1216,2503,1.000000
1217,230,1.000000
1217,396,1.000000
1219,45,1.000000
1219,78,1.000000
1219,994,1.000000
1221,729,1.000000
1221,981,1.000000
1221,1577,1.000000
1222,925,1.000000
1222,1224,1.000000
1223,568,1.000000
1223,1116,1.000000
1224,1131,1.000000
1224,1222,1.000000
1224,1525,1.000000
1224,1660,1.000000
1224,2152,1.000000
1224,1587,1.000000
1224,2154,1.000000
1224,2155,1.000000
1224,1732,1.000000
1224,1291,1.000000
1224,1975,1.000000
1224,2156,1.000000
1225,1450,1.000000
1225,2579,1.000000
1227,1269,1.000000
1229,657,1.000000
1229,867,1.000000
1229,871,1.000000
1229,1358,1.000000
1229,2439,1.000000
1229,2440,1.000000
1229,2441,1.000000
1229,1627,1.000000
1229,1254,1.000000
1229,2442,1.000000
1230,1050,1.000000
1233,2433,1.000000
1234,22,1.000000
1234,1703,1.000000
1234,1702,1.000000
1234,1966,1.000000
1235,1119,1.000000
1235,2126,1.000000
1235,1462,1.000000
1235,2577,1.000000
1238,154,1.000000
1238,1358,1.000000
1239,743,1.000000
1239,2611,1.000000
1239,2027,1.000000
1240,789,1.000000
1242,1101,1.000000
1242,2146,1.000000
1242,2148,1.000000
1243,1041,1.000000
1243,1150,1.000000
1243,1358,1.000000
1244,493,1.000000
1245,542,1.000000
1245,2080,1.000000
1245,1770,1.000000
1246,857,1.000000
1248,1651,1.000000
1249,2556,1.000000
1249,2558,1.000000
1250,202,1.000000
1250,328,1.000000
1250,650,1.000000
1250,1173,1.000000
1250,2507,1.000000
1251,102,1.000000
1251,306,1.000000
1251,505,1.000000
1251,1623,1.000000
1251,1448,1.000000
1252,867,1.000000
1252,2656,1.000000
1253,302,1.000000
1253,308,1.000000
1254,657,1.000000
1254,1229,1.000000
1257,2538,1.000000
1258,452,1.000000
1258,505,1.000000
1258,644,1.000000
1260,2250,1.000000
1260,1559,1.000000
1263,1407,1.000000
1267,645,1.000000
1267,647,1.000000
1267,1824,1.000000
1268,162,1.000000
1268,1929,1.000000
1268,2309,1.000000
1269,737,1.000000
1269,890,1.000000
1269,1227,1.000000
1269,2227,1.000000
1269,1314,1.000000
1270,2034,1.000000
1270,1622,1.000000
1273,722,1.000000
1273,1111,1.000000
1273,1119,1.000000
1273,2126,1.000000
1273,2125,1.000000
1273,2129,1.000000
1273,2034,1.000000
1273,2124,1.000000
1274,239,1.000000
1275,405,1.000000
1275,1468,1.000000
1276,458,1.000000
1276,1022,1.000000
1279,731,1.000000
1279,901,1.000000
1279,2203,1.000000
1279,2186,1.000000
1280,449,1.000000
1280,2612,1.000000
1282,684,1.000000
1282,741,1.000000
1282,1776,1.000000
1282,1283,1.000000
1282,2324,1.000000
1283,1282,1.000000
1283,1776,1.000000
1283,2324,1.000000
1284,757,1.000000
1284,902,1.000000
1284,998,1.000000
1284,1103,1.000000
1284,1358,1.000000
1284,2450,1.000000
1284,1604,1.000000
1286,538,1.000000
1287,59,1.000000
1287,481,1.000000
1287,1164,1.000000
1287,1358,1.000000
1288,88,1.000000
1288,1309,1.000000
1291,1224,1.000000
1291,1660,1.000000
1291,2154,1.000000
1292,689,1.000000
1292,1358,1.000000
1292,1317,1.000000
1296,1911,1.000000
1296,1912,1.000000
1299,598,1.000000
1299,1810,1.000000
1299,1701,1.000000
1301,25,1.000000
1301,598,1.000000
1301,1542,1.000000
1302,1006,1.000000
1303,95,1.000000
1303,746,1.000000
1303,979,1.000000
1304,505,1.000000
1304,937,1.000000
1304,1180,1.000000
1305,466,1.000000
1305,1358,1.000000
1306,364,1.000000
1306,1317,1.000000
1307,1444,1.000000
1309,61,1.000000
1309,88,1.000000
1309,490,1.000000
1309,851,1.000000
1309,995,1.000000
1309,1288,1.000000
1309,1677,1.000000
1309,1882,1.000000
1309,1625,1.000000
1309,1741,1.000000
1309,2178,1.000000
1313,2407,1.000000
1314,514,1.000000
1314,890,1.000000
1314,1269,1.000000
1317,689,1.000000
1317,796,1.000000
1317,1040,1.000000
1317,1148,1.000000
1317,1292,1.000000
1317,1306,1.000000
1317,2220,1.000000
1317,1739,1.000000
1317,2221,1.000000
1320,1050,1.000000
1320,1491,1.000000
1320,1349,1.000000
1320,2684,1.000000
1321,2501,1.000000
1323,1701,1.000000
1324,2035,1.000000
1324,2265,1.000000
1325,327,1.000000
1325,1000,1.000000
1325,1095,1.000000
1329,78,1.000000
1329,733,1.000000
1329,994,1.000000
1330,2068,1.000000
1332,436,1.000000
1332,621,1.000000
1332,2024,1.000000
1333,749,1.000000
1333,1973,1.000000
1333,2195,1.000000
1334,1701,1.000000
1334,1542,1.000000
1334,1950,1.000000
1334,1577,1.000000
1335,1856,1.000000
1335,2087,1.000000
1335,2090,1.000000
1336,86,1.000000
1336,695,1.000000
1336,1012,1.000000
1336,2032,1.000000
1336,1797,1.000000
1336,2033,1.000000
1336,1452,1.000000
1336,2034,1.000000
1337,109,1.000000
1337,563,1.000000
1337,1701,1.000000
1337,2045,1.000000
1339,154,1.000000
1339,1358,1.000000
1339,1753,1.000000
1344,25,1.000000
1344,724,1.000000
1344,815,1.000000
1344,1928,1.000000
1344,2315,1.000000
1345,202,1.000000
1345,353,1.000000
1346,109,1.000000
1346,306,1.000000
1346,519,1.000000
1346,1670,1.000000
1347,281,1.000000
1347,1997,1.000000
1349,39,1.000000
1349,1320,1.000000
1349,1634,1.000000
1349,2684,1.000000
1351,2282,1.000000
1356,1613,1.000000
1358,30,1.000000
1358,34,1.000000
1358,53,1.000000
1358,59,1.000000
1358,68,1.000000
1358,72,1.000000
1358,73,1.000000
1358,90,1.000000
1358,101,1.000000
1358,111,1.000000
1358,154,1.000000
1358,155,1.000000
1358,156,1.000000
1358,170,1.000000
1358,173,1.000000
1358,174,1.000000
1358,228,1.000000
1358,244,1.000000
1358,246,1.000000
1358,289,1.000000
1358,326,1.000000
1358,333,1.000000
1358,337,1.000000
1358,341,1.000000
1358,346,1.000000
1358,357,1.000000
1358,364,1.000000
1358,466,1.000000
1358,489,1.000000
1358,501,1.000000
1358,524,1.000000
1358,552,1.000000
1358,613,1.000000
1358,616,1.000000
1358,626,1.000000
1358,684,1.000000
1358,686,1.000000
1358,687,1.000000
1358,689,1.000000
1358,708,1.000000
1358,757,1.000000
1358,758,1.000000
1358,764,1.000000
1358,796,1.000000
1358,797,1.000000
1358,819,1.000000
1358,823,1.000000
1358,853,1.000000
1358,882,1.000000
1358,902,1.000000
1358,929,1.000000
1358,951,1.000000
1358,970,1.000000
1358,978,1.000000
1358,999,1.000000
1358,1040,1.000000
1358,1041,1.000000
1358,1123,1.000000
1358,1145,1.000000
1358,1189,1.000000
1358,1205,1.000000
1358,1238,1.000000
1358,1243,1.000000
1358,1284,1.000000
1358,1287,1.000000
1358,1292,1.000000
1358,1305,1.000000
1358,1339,1.000000
1358,1708,1.000000
1358,1710,1.000000
1358,1444,1.000000
1358,1713,1.000000
1358,1714,1.000000
1358,1715,1.000000
1358,1716,1.000000
1358,1718,1.000000
1358,1480,1.000000
1358,1499,1.000000
1358,1721,1.000000
1358,1722,1.000000
1358,1550,1.000000
1358,1723,1.000000
1358,1724,1.000000
1358,1725,1.000000
1358,1727,1.000000
1358,1728,1.000000
1358,1729,1.000000
1358,1732,1.000000
1358,1736,1.000000
1358,1738,1.000000
1358,1739,1.000000
1358,1740,1.000000
1358,1568,1.000000
1358,1741,1.000000
1358,1546,1.000000
1358,1742,1.000000
1358,1745,1.000000
1358,1747,1.000000
1358,1389,1.000000
1358,1751,1.000000
1358,1752,1.000000
1358,1753,1.000000
1358,1754,1.000000
1358,1756,1.000000
1358,1757,1.000000
1358,1762,1.000000
1358,1763,1.000000
1358,1765,1.000000
1358,2597,1.000000
1359,2480,1.000000
1361,565,1.000000
1361,1528,1.000000
1362,1372,1.000000
1367,124,1.000000
1367,484,1.000000
1367,1656,1.000000
1367,1584,1.000000
1370,1525,1.000000
1370,1975,1.000000
1372,42,1.000000
1372,1362,1.000000
1374,748,1.000000
1376,239,1.000000
1376,1848,1.000000
1377,2068,1.000000
1380,1050,1.000000
1381,798,1.000000
1381,1794,1.000000
1382,218,1.000000
1382,281,1.000000
1382,1502,1.000000
1382,2176,1.000000
1382,2283,1.000000
1383,403,1.000000
1383,806,1.000000
1385,714,1.000000
1385,1015,1.000000
1385,2335,1.000000
1386,727,1.000000
1386,2570,1.000000
1386,2571,1.000000
1387,1190,1.000000
1388,257,1.000000
1388,734,1.000000
1388,736,1.000000
1388,964,1.000000
1388,2197,1.000000
1388,2181,1.000000
1389,341,1.000000
1389,1358,1.000000
1389,2597,1.000000
1394,88,1.000000
1394,211,1.000000
1394,2137,1.000000
1395,948,1.000000
1396,2395,1.000000
1396,2228,1.000000
1396,1421,1.000000
1397,861,1.000000
1398,565,1.000000
1398,1528,1.000000
1402,1163,1.000000
1402,1616,1.000000
1402,1919,1.000000
1403,2317,1.000000
1407,1263,1.000000
1408,1829,1.000000
1408,1826,1.000000
1410,897,1.000000
1410,1121,1.000000
1410,1203,1.000000
1410,1655,1.000000
1411,2218,1.000000
1416,30,1.000000
1416,61,1.000000
1416,305,1.000000
1416,1923,1.000000
1416,1925,1.000000
1416,1468,1.000000
1417,1452,1.000000
1418,78,1.000000
1420,2394,1.000000
1420,1421,1.000000
1421,1085,1.000000
1421,1396,1.000000
1421,1420,1.000000
1421,1975,1.000000
1421,2394,1.000000
1421,2110,1.000000
1421,2109,1.000000
1423,591,1.000000
1423,1692,1.000000
1424,1813,1.000000
1424,1621,1.000000
1425,1015,1.000000
1425,1618,1.000000
1426,480,1.000000
1426,760,1.000000
1426,1751,1.000000
1428,1202,1.000000
1428,2376,1.000000
1428,1429,1.000000
1428,2520,1.000000
1428,2524,1.000000
1428,1534,1.000000
1429,1428,1.000000
1429,2520,1.000000
1429,1534,1.000000
1431,976,1.000000
1431,998,1.000000
1433,931,1.000000
1433,1035,1.000000
1433,2359,1.000000
1435,1927,1.000000
1435,2059,1.000000
1435,2071,1.000000
1437,1688,1.000000
1438,2664,1.000000
1441,590,1.000000
1441,648,1.000000
1441,1060,1.000000
1441,2271,1.000000
1441,2272,1.000000
1441,1707,1.000000
1441,1700,1.000000
1441,2273,1.000000
1441,1954,1.000000
1441,1957,1.000000
1441,1958,1.000000
1442,432,1.000000
1442,2462,1.000000
1444,154,1.000000
1444,1307,1.000000
1444,1358,1.000000
1447,1928,1.000000
1448,102,1.000000
1448,505,1.000000
1448,1251,1.000000
1448,2034,1.000000
1448,2045,1.000000
1450,321,1.000000
1450,1083,1.000000
1450,1225,1.000000
1452,1015,1.000000
1452,1336,1.000000
1452,1417,1.000000
1453,1701,1.000000
1453,1986,1.000000
1454,2,1.000000
1456,1457,1.000000
1457,649,1.000000
1457,1019,1.000000
1457,1456,1.000000
1459,2218,1.000000
1459,2080,1.000000
1461,2248,1.000000
1461,1634,1.000000
1462,1119,1.000000
1462,1235,1.000000
1462,1611,1.000000
1462,1663,1.000000
1463,276,1.000000
1463,490,1.000000
1463,555,1.000000
1463,2131,1.000000
1463,2132,1.000000
1463,1695,1.000000
1463,2133,1.000000
1466,1041,1.000000
1467,52,1.000000
1467,2172,1.000000
1468,146,1.000000
1468,1275,1.000000
1468,1416,1.000000
1470,1953,1.000000
1470,1555,1.000000
1474,593,1.000000
1474,2335,1.000000
1474,1908,1.000000
1475,1017,1.000000
1475,2469,1.000000
1476,404,1.000000
1476,1170,1.000000
1477,1098,1.000000
1477,1542,1.000000
1477,2066,1.000000
1477,2067,1.000000
1479,261,1.000000
1479,873,1.000000
1479,1701,1.000000
1479,1894,1.000000
1480,1103,1.000000
1480,1358,1.000000
1481,1015,1.000000
1481,1042,1.000000
1481,2335,1.000000
1481,2332,1.000000
1481,1669,1.000000
1482,2132,1.000000
1484,2520,1.000000
1485,1914,1.000000
1486,650,1.000000
1486,1035,1.000000
1486,1745,1.000000
1487,2137,1.000000
1488,411,1.000000
1488,792,1.000000
1488,2601,1.000000
1489,1004,1.000000
1491,1320,1.000000
1494,88,1.000000
1494,436,1.000000
1494,897,1.000000
1496,974,1.000000
1497,549,1.000000
1497,2034,1.000000
1499,337,1.000000
1499,1214,1.000000
1499,1358,1.000000
1499,1776,1.000000
1501,2395,1.000000
1501,2228,1.000000
1502,1200,1.000000
1502,1382,1.000000
1502,2163,1.000000
1502,1503,1.000000
1503,979,1.000000
1503,1502,1.000000
1503,2241,1.000000
1503,2243,1.000000
1505,530,1.000000
1505,773,1.000000
1505,1072,1.000000
1505,1624,1.000000
1505,2086,1.000000
1505,1699,1.000000
1505,1801,1.000000
1505,1788,1.000000
1505,1552,1.000000
1510,1162,1.000000
1510,1202,1.000000
1512,2023,1.000000
1512,2145,1.000000
1514,1692,1.000000
1515,2182,1.000000
1515,2234,1.000000
1516,2612,1.000000
1518,577,1.000000
1518,1063,1.000000
1518,1129,1.000000
1519,1534,1.000000
1519,2640,1.000000
1522,39,1.000000
1522,1697,1.000000
1522,2680,1.000000
1523,548,1.000000
1523,2449,1.000000
1524,2499,1.000000
1525,1224,1.000000
1525,1370,1.000000
1525,1914,1.000000
1525,1973,1.000000
1526,1977,1.000000
1526,1981,1.000000
1527,60,1.000000
1527,88,1.000000
1527,331,1.000000
1527,415,1.000000
1527,2450,1.000000
1528,427,1.000000
1528,513,1.000000
1528,565,1.000000
1528,1361,1.000000
1528,1398,1.000000
1532,39,1.000000
1532,2648,1.000000
1534,911,1.000000
1534,1082,1.000000
1534,1428,1.000000
1534,1429,1.000000
1534,1519,1.000000
1535,95,1.000000
1535,1351,1.000000
1535,2155,1.000000
1538,118,1.000000
1538,643,1.000000
1538,1131,1.000000
1538,1842,1.000000
1539,1914,1.000000
1540,525,1.000000
1540,1628,1.000000
1540,2054,1.000000
1541,1005,1.000000
1542,216,1.000000
1542,297,1.000000
1542,918,1.000000
1542,1301,1.000000
1542,1334,1.000000
1542,1477,1.000000
1542,1577,1.000000
1546,341,1.000000
1546,687,1.000000
1546,1358,1.000000
1550,748,1.000000
1550,1358,1.000000
1550,2083,1.000000
1551,126,1.000000
1551,306,1.000000
1552,1089,1.000000
1552,1505,1.000000
1552,2591,1.000000
1554,1657,1.000000
1554,2687,1.000000
1554,2686,1.000000
1554,2688,1.000000
1555,458,1.000000
1555,1470,1.000000
1555,2363,1.000000
1555,1953,1.000000
1557,650,1.000000
1557,957,1.000000
1557,2168,1.000000
1557,2083,1.000000
1558,792,1.000000
1558,1014,1.000000
1558,2338,1.000000
1558,1986,1.000000
1558,2340,1.000000
1559,283,1.000000
1559,1260,1.000000
1560,18,1.000000
1560,505,1.000000
1560,1623,1.000000
1561,102,1.000000
1561,1623,1.000000
1563,2633,1.000000
1564,1772,1.000000
1564,1786,1.000000
1566,768,1.000000
1566,1199,1.000000
1566,1895,1.000000
1566,2071,1.000000
1566,1732,1.000000
1567,722,1.000000
1567,1874,1.000000
1567,2500,1.000000
1567,1654,1.000000
1568,154,1.000000
1568,748,1.000000
1568,1358,1.000000
1568,1729,1.000000
1569,450,1.000000
1569,1050,1.000000
1569,1966,1.000000
1570,571,1.000000
1570,696,1.000000
1570,743,1.000000
1571,1045,1.000000
1572,236,1.000000
1572,306,1.000000
1572,836,1.000000
1572,1776,1.000000
1573,598,1.000000
1574,519,1.000000
1574,1066,1.000000
1574,1986,1.000000
1577,411,1.000000
1577,1055,1.000000
1577,1221,1.000000
1577,1334,1.000000
1577,1542,1.000000
1580,2200,1.000000
1580,1892,1.000000
1582,44,1.000000
1583,376,1.000000
1583,553,1.000000
1583,973,1.000000
1583,1013,1.000000
1583,1120,1.000000
1583,1224,1.000000
1583,1995,1.000000
1584,306,1.000000
1584,1367,1.000000
1584,1798,1.000000
1586,173,1.000000
1586,687,1.000000
1586,2168,1.000000
1587,1224,1.000000
1587,2154,1.000000
1588,1047,1.000000
1588,2055,1.000000
1589,101,1.000000
1589,2596,1.000000
1589,1745,1.000000
1591,2541,1.000000
1595,2246,1.000000
1596,2476,1.000000
1597,320,1.000000
1597,432,1.000000
1599,2441,1.000000
1600,1059,1.000000
1602,2073,1.000000
1602,2074,1.000000
1602,2054,1.000000
1603,968,1.000000
1604,902,1.000000
1604,1284,1.000000
1604,1358,1.000000
1606,364,1.000000
1606,764,1.000000
1606,819,1.000000
1608,546,1.000000
1608,2124,1.000000
1608,2126,1.000000
1608,2489,1.000000
1609,1790,1.000000
1609,1791,1.000000
1609,1912,1.000000
1610,244,1.000000
1610,312,1.000000
1610,565,1.000000
1610,687,1.000000
1610,2556,1.000000
1610,2557,1.000000
1610,2558,1.000000
1611,1462,1.000000
1611,2124,1.000000
1612,764,1.000000
1613,1356,1.000000
1616,118,1.000000
1616,1402,1.000000
1616,2050,1.000000
1617,748,1.000000
1618,429,1.000000
1618,1015,1.000000
1618,1143,1.000000
1618,1425,1.000000
1618,1789,1.000000
1621,1192,1.000000
1621,1424,1.000000
1622,124,1.000000
1622,1270,1.000000
1623,102,1.000000
1623,112,1.000000
1623,126,1.000000
1623,133,1.000000
1623,139,1.000000
1623,153,1.000000
1623,314,1.000000
1623,350,1.000000
1623,384,1.000000
1623,452,1.000000
1623,459,1.000000
1623,542,1.000000
1623,556,1.000000
1623,608,1.000000
1623,660,1.000000
1623,719,1.000000
1623,910,1.000000
1623,1251,1.000000
1623,1560,1.000000
1623,1561,1.000000
1623,1767,1.000000
1623,1768,1.000000
1623,1769,1.000000
1623,1770,1.000000
1623,1771,1.000000
1623,1772,1.000000
1623,1773,1.000000
1623,1774,1.000000
1623,1775,1.000000
1623,1776,1.000000
1623,1777,1.000000
1623,1779,1.000000
1623,1780,1.000000
1623,1783,1.000000
1623,1784,1.000000
1624,109,1.000000
1624,317,1.000000
1624,384,1.000000
1624,409,1.000000
1624,1196,1.000000
1624,1505,1.000000
1624,1785,1.000000
1624,1786,1.000000
1624,1705,1.000000
1624,1787,1.000000
1624,1777,1.000000
1624,1788,1.000000
1624,1779,1.000000
1624,1780,1.000000
1625,1013,1.000000
1625,1309,1.000000
1625,1729,1.000000
1627,59,1.000000
1627,1229,1.000000
1627,1740,1.000000
1628,65,1.000000
1628,95,1.000000
1628,142,1.000000
1628,525,1.000000
1628,597,1.000000
1628,1042,1.000000
1628,1117,1.000000
1628,1139,1.000000
1628,1540,1.000000
1628,2053,1.000000
1628,2054,1.000000
1628,2055,1.000000
1628,2057,1.000000
1628,2021,1.000000
1628,2172,1.000000
1629,5,1.000000
1629,1711,1.000000
1629,1659,1.000000
1632,16,1.000000
1632,364,1.000000
1632,1756,1.000000
1633,1096,1.000000
1634,39,1.000000
1634,82,1.000000
1634,1050,1.000000
1634,1349,1.000000
1634,1461,1.000000
1639,1688,1.000000
1641,637,1.000000
1641,833,1.000000
1641,2495,1.000000
1642,439,1.000000
1642,2657,1.000000
1642,2658,1.000000
1643,348,1.000000
1644,415,1.000000
1644,1013,1.000000
1648,1210,1.000000
1651,306,1.000000
1651,1248,1.000000
1651,2045,1.000000
1654,835,1.000000
1654,1567,1.000000
1654,2034,1.000000
1654,1952,1.000000
1655,11,1.000000
1655,1121,1.000000
1655,1131,1.000000
1655,1410,1.000000
1655,1842,1.000000
1655,2295,1.000000
1655,2384,1.000000
1655,1894,1.000000
1655,1839,1.000000
1655,2282,1.000000
1656,306,1.000000
1656,1367,1.000000
1656,1798,1.000000
1657,1554,1.000000
1657,2686,1.000000
1657,2688,1.000000
1658,88,1.000000
1658,2018,1.000000
1659,5,1.000000
1659,1629,1.000000
1660,1224,1.000000
1660,1291,1.000000
1660,2154,1.000000
1663,1119,1.000000
1663,1462,1.000000
1663,2577,1.000000
1664,455,1.000000
1664,785,1.000000
1664,2147,1.000000
1666,2,1.000000
1666,48,1.000000
1666,49,1.000000
1666,606,1.000000
1667,162,1.000000
1667,438,1.000000
1667,651,1.000000
1669,429,1.000000
1669,1481,1.000000
1669,2332,1.000000
1669,1892,1.000000
1670,133,1.000000
1670,519,1.000000
1670,1346,1.000000
1671,1929,1.000000
1671,1968,1.000000
1671,2137,1.000000
1674,891,1.000000
1674,1914,1.000000
1674,2608,1.000000
1677,88,1.000000
1677,191,1.000000
1677,415,1.000000
1677,1309,1.000000
1677,1908,1.000000
1678,833,1.000000
1678,1746,1.000000
1681,407,1.000000
1681,409,1.000000
1681,459,1.000000
1681,695,1.000000
1681,948,1.000000
1681,1012,1.000000
1681,2318,1.000000
1681,2319,1.000000
1681,2320,1.000000
1682,407,1.000000
1682,695,1.000000
1682,733,1.000000
1682,948,1.000000
1682,1012,1.000000
1682,2321,1.000000
1682,2319,1.000000
1682,2320,1.000000
1683,2132,1.000000
1684,2486,1.000000
1684,2513,1.000000
1685,650,1.000000
1685,957,1.000000
1685,2083,1.000000
1687,28,1.000000
1687,246,1.000000
1687,1003,1.000000
1687,1721,1.000000
1688,1437,1.000000
1688,1639,1.000000
1688,2671,1.000000
1689,155,1.000000
1689,156,1.000000
1692,1423,1.000000
1692,1514,1.000000
1692,2302,1.000000
1692,2347,1.000000
1693,965,1.000000
1694,333,1.000000
1695,276,1.000000
1695,1463,1.000000
1695,2133,1.000000
1696,1713,1.000000
1697,1119,1.000000
1697,1522,1.000000
1697,1986,1.000000
1697,2253,1.000000
1699,484,1.000000
1699,1065,1.000000
1699,1505,1.000000
1700,1441,1.000000
1701,13,1.000000
1701,158,1.000000
1701,215,1.000000
1701,216,1.000000
1701,226,1.000000
1701,235,1.000000
1701,261,1.000000
1701,318,1.000000
1701,343,1.000000
1701,416,1.000000
1701,547,1.000000
1701,563,1.000000
1701,784,1.000000
1701,1023,1.000000
1701,1075,1.000000
1701,1100,1.000000
1701,1212,1.000000
1701,1299,1.000000
1701,1323,1.000000
1701,1337,1.000000
1701,1453,1.000000
1701,1479,1.000000
1701,1856,1.000000
1701,1858,1.000000
1701,1865,1.000000
1701,1871,1.000000
1701,1872,1.000000
1701,1874,1.000000
1701,1875,1.000000
1701,1877,1.000000
1702,22,1.000000
1702,1234,1.000000
1702,1971,1.000000
1702,1966,1.000000
1703,22,1.000000
1703,789,1.000000
1703,963,1.000000
1703,1234,1.000000
1703,1702,1.000000
1703,1967,1.000000
1703,1968,1.000000
1703,1971,1.000000
1703,2238,1.000000
1705,306,1.000000
1705,487,1.000000
1705,1193,1.000000
1705,1624,1.000000
1705,2081,1.000000
1706,558,1.000000
1706,2585,1.000000
1707,1441,1.000000
1708,467,1.000000
1708,873,1.000000
1708,1358,1.000000
1708,2313,1.000000
1709,1738,1.000000
1709,1739,1.000000
1710,372,1.000000
1710,480,1.000000
1710,687,1.000000
1710,1358,1.000000
1710,2444,1.000000
1711,1629,1.000000
1713,88,1.000000
1713,1358,1.000000
1713,1696,1.000000
1714,1154,1.000000
1714,1169,1.000000
1714,1358,1.000000
1714,1727,1.000000
1715,58,1.000000
1715,1154,1.000000
1715,1358,1.000000
1716,1199,1.000000
1716,1214,1.000000
1716,1358,1.000000
1716,2446,1.000000
1721,105,1.000000
1721,228,1.000000
1721,687,1.000000
1721,689,1.000000
1721,1358,1.000000
1721,1687,1.000000
1721,2476,1.000000
1721,1761,1.000000
1722,289,1.000000
1722,312,1.000000
1722,1358,1.000000
1723,73,1.000000
1723,565,1.000000
1723,768,1.000000
1723,1358,1.000000
1723,1724,1.000000
1724,768,1.000000
1724,1358,1.000000
1724,1723,1.000000
1724,2216,1.000000
1725,59,1.000000
1725,557,1.000000
1725,687,1.000000
1725,2596,1.000000
1725,1740,1.000000
1725,1745,1.000000
1725,2334,1.000000
1725,2597,1.000000
1727,188,1.000000
1727,1358,1.000000
1727,1714,1.000000
1728,961,1.000000
1728,1358,1.000000
1728,2257,1.000000
1728,2555,1.000000
1728,2599,1.000000
1729,657,1.000000
1729,1013,1.000000
1729,1358,1.000000
1729,1568,1.000000
1729,1625,1.000000
1732,88,1.000000
1732,748,1.000000
1732,1224,1.000000
1732,1358,1.000000
1732,1566,1.000000
1735,2324,1.000000
1736,155,1.000000
1736,817,1.000000
1736,1358,1.000000
1736,1763,1.000000
1738,466,1.000000
1738,1358,1.000000
1738,1709,1.000000
1738,2365,1.000000
1738,2366,1.000000
1739,53,1.000000
1739,616,1.000000
1739,1317,1.000000
1739,1358,1.000000
1739,1709,1.000000
1739,1886,1.000000
1739,2221,1.000000
1740,268,1.000000
1740,312,1.000000
1740,657,1.000000
1740,915,1.000000
1740,1035,1.000000
1740,1072,1.000000
1740,1358,1.000000
1740,1627,1.000000
1740,1725,1.000000
1740,2389,1.000000
1740,2390,1.000000
1740,2391,1.000000
1741,88,1.000000
1741,1309,1.000000
1741,1358,1.000000
1741,2593,1.000000
1742,174,1.000000
1742,403,1.000000
1742,526,1.000000
1742,533,1.000000
1742,1007,1.000000
1742,2443,1.000000
1742,2444,1.000000
1742,2445,1.000000
1745,73,1.000000
1745,1214,1.000000
1745,1358,1.000000
1745,1486,1.000000
1745,1589,1.000000
1745,1725,1.000000
1745,2596,1.000000
1746,1678,1.000000
1747,1148,1.000000
1747,1358,1.000000
1751,73,1.000000
1751,1358,1.000000
1751,1426,1.000000
1751,2596,1.000000
1752,154,1.000000
1752,1358,1.000000
1752,1754,1.000000
1753,154,1.000000
1753,1339,1.000000
1753,1358,1.000000
1754,154,1.000000
1754,326,1.000000
1754,1358,1.000000
1754,1752,1.000000
1756,364,1.000000
1756,650,1.000000
1756,732,1.000000
1756,1358,1.000000
1756,1632,1.000000
1756,2642,1.000000
1757,957,1.000000
1757,1358,1.000000
1757,2451,1.000000
1758,464,1.000000
1758,2466,1.000000
1759,493,1.000000
1761,1205,1.000000
1761,1721,1.000000
1762,111,1.000000
1762,758,1.000000
1762,853,1.000000
1762,1358,1.000000
1763,155,1.000000
1763,156,1.000000
1763,817,1.000000
1763,1358,1.000000
1763,1736,1.000000
1765,290,1.000000
1765,501,1.000000
1765,823,1.000000
1765,825,1.000000
1765,1040,1.000000
1765,2492,1.000000
1767,1623,1.000000
1767,1783,1.000000
1768,1623,1.000000
1768,1837,1.000000
1768,2325,1.000000
1769,109,1.000000
1769,399,1.000000
1769,544,1.000000
1769,1623,1.000000
1770,306,1.000000
1770,1245,1.000000
1770,1623,1.000000
1770,2080,1.000000
1771,306,1.000000
1771,1623,1.000000
1771,1778,1.000000
1772,109,1.000000
1772,306,1.000000
1772,426,1.000000
1772,487,1.000000
1772,1564,1.000000
1772,1623,1.000000
1772,2045,1.000000
1773,487,1.000000
1773,638,1.000000
1773,1045,1.000000
1773,1623,1.000000
1773,1789,1.000000
1773,1780,1.000000
1774,1623,1.000000
1775,103,1.000000
1775,306,1.000000
1775,350,1.000000
1775,484,1.000000
1775,1623,1.000000
1776,138,1.000000
1776,337,1.000000
1776,960,1.000000
1776,1283,1.000000
1776,1499,1.000000
1776,1572,1.000000
1776,2078,1.000000
1776,2324,1.000000
1777,133,1.000000
1777,426,1.000000
1777,1623,1.000000
1777,1624,1.000000
1778,1771,1.000000
1779,109,1.000000
1779,306,1.000000
1779,505,1.000000
1779,1623,1.000000
1779,1624,1.000000
1779,2318,1.000000
1780,139,1.000000
1780,1623,1.000000
1780,1624,1.000000
1780,1773,1.000000
1782,2326,1.000000
1783,1623,1.000000
1783,1767,1.000000
1784,133,1.000000
1784,1072,1.000000
1784,1623,1.000000
1784,2045,1.000000
1784,2096,1.000000
1785,109,1.000000
1785,317,1.000000
1785,808,1.000000
1785,963,1.000000
1785,1624,1.000000
1786,18,1.000000
1786,1564,1.000000
1786,1624,1.000000
1787,109,1.000000
1787,306,1.000000
1787,1624,1.000000
1787,1810,1.000000
1787,2045,1.000000
1788,1015,1.000000
1788,1505,1.000000
1788,1624,1.000000
1789,109,1.000000
1789,426,1.000000
1789,1015,1.000000
1789,1618,1.000000
1789,1773,1.000000
1790,103,1.000000
1790,695,1.000000
1790,1609,1.000000
1791,191,1.000000
1791,1197,1.000000
1791,1609,1.000000
1791,2045,1.000000
1793,798,1.000000
1794,798,1.000000
1794,1381,1.000000
1794,1796,1.000000
1794,1795,1.000000
1795,798,1.000000
1795,1794,1.000000
1795,1796,1.000000
1796,1794,1.000000
1796,1795,1.000000
1796,2297,1.000000
1797,306,1.000000
1797,1012,1.000000
1797,1072,1.000000
1797,1336,1.000000
1798,958,1.000000
1798,1584,1.000000
1798,1656,1.000000
1801,1035,1.000000
1801,1072,1.000000
1801,1505,1.000000
1801,2451,1.000000
1801,2203,1.000000
1802,2079,1.000000
1805,109,1.000000
1805,306,1.000000
1805,426,1.000000
1805,556,1.000000
1805,1072,1.000000
1806,1809,1.000000
1809,962,1.000000
1809,1806,1.000000
1809,1810,1.000000
1810,13,1.000000
1810,27,1.000000
1810,224,1.000000
1810,230,1.000000
1810,351,1.000000
1810,481,1.000000
1810,511,1.000000
1810,549,1.000000
1810,568,1.000000
1810,1004,1.000000
1810,1062,1.000000
1810,1107,1.000000
1810,1299,1.000000
1810,1809,1.000000
1810,1812,1.000000
1810,1813,1.000000
1810,1814,1.000000
1810,1818,1.000000
1810,1823,1.000000
1812,482,1.000000
1812,1810,1.000000
1812,1986,1.000000
1812,2034,1.000000
1812,2550,1.000000
1813,1424,1.000000
1813,1810,1.000000
1814,482,1.000000
1814,1810,1.000000
1818,733,1.000000
1818,1810,1.000000
1818,2305,1.000000
1818,2306,1.000000
1823,598,1.000000
1823,1126,1.000000
1823,1810,1.000000
1824,1267,1.000000
1826,264,1.000000
1826,1829,1.000000
1829,940,1.000000
1829,1070,1.000000
1829,1408,1.000000
1829,1826,1.000000
1829,1902,1.000000
1832,889,1.000000
1833,797,1.000000
1833,1035,1.000000
1833,1834,1.000000
1834,372,1.000000
1834,449,1.000000
1834,800,1.000000
1834,1833,1.000000
1834,2359,1.000000
1837,1768,1.000000
1838,95,1.000000
1838,1204,1.000000
1838,2182,1.000000
1838,2219,1.000000
1839,11,1.000000
1839,979,1.000000
1839,1204,1.000000
1839,1655,1.000000
1842,120,1.000000
1842,816,1.000000
1842,1013,1.000000
1842,1203,1.000000
1842,1538,1.000000
1842,1655,1.000000
1842,2405,1.000000
1842,1979,1.000000
1842,1980,1.000000
1843,415,1.000000
1843,1013,1.000000
1846,2357,1.000000
1848,1909,1.000000
1856,306,1.000000
1856,1335,1.000000
1856,1701,1.000000
1856,2045,1.000000
1856,2096,1.000000
1858,899,1.000000
1858,1701,1.000000
1865,311,1.000000
1865,1147,1.000000
1865,1701,1.000000
1869,199,1.000000
1869,203,1.000000
1869,277,1.000000
1869,420,1.000000
1869,1097,1.000000
1871,102,1.000000
1871,228,1.000000
1871,417,1.000000
1871,1701,1.000000
1872,1701,1.000000
1874,722,1.000000
1874,1106,1.000000
1874,1567,1.000000
1874,1701,1.000000
1874,2500,1.000000
1874,2501,1.000000
1875,598,1.000000
1875,1701,1.000000
1875,1986,1.000000
1877,1701,1.000000
1877,2573,1.000000
1878,102,1.000000
1878,661,1.000000
1878,2256,1.000000
1882,88,1.000000
1882,514,1.000000
1882,516,1.000000
1882,661,1.000000
1882,1309,1.000000
1884,249,1.000000
1886,1103,1.000000
1886,1739,1.000000
1889,1890,1.000000
1889,1892,1.000000
1889,2130,1.000000
1889,2039,1.000000
1890,1889,1.000000
1890,2130,1.000000
1892,1580,1.000000
1892,1669,1.000000
1892,1889,1.000000
1894,261,1.000000
1894,1479,1.000000
1894,1655,1.000000
1894,2034,1.000000
1895,645,1.000000
1895,1566,1.000000
1900,645,1.000000
1900,2608,1.000000
1902,264,1.000000
1902,844,1.000000
1902,1829,1.000000
1902,1903,1.000000
1903,840,1.000000
1903,1902,1.000000
1907,146,1.000000
1907,210,1.000000
1907,717,1.000000
1907,897,1.000000
1908,88,1.000000
1908,211,1.000000
1908,415,1.000000
1908,1474,1.000000
1908,1677,1.000000
1909,211,1.000000
1909,239,1.000000
1909,1131,1.000000
1909,1171,1.000000
1909,1848,1.000000
1909,2305,1.000000
1911,945,1.000000
1911,1296,1.000000
1912,435,1.000000
1912,995,1.000000
1912,1174,1.000000
1912,1296,1.000000
1912,1609,1.000000
1912,2404,1.000000
1914,1079,1.000000
1914,1359,1.000000
1914,1362,1.000000
1914,1485,1.000000
1914,1525,1.000000
1914,1539,1.000000
1914,1674,1.000000
1914,1915,1.000000
1914,1919,1.000000
1914,2388,1.000000
1915,1914,1.000000
1915,2649,1.000000
1919,1224,1.000000
1919,1370,1.000000
1919,1402,1.000000
1919,1914,1.000000
1920,2310,1.000000
1920,2653,1.000000
1923,1416,1.000000
1923,1927,1.000000
1925,1042,1.000000
1925,1416,1.000000
1925,2620,1.000000
1926,2051,1.000000
1927,146,1.000000
1927,305,1.000000
1927,405,1.000000
1927,738,1.000000
1927,769,1.000000
1927,1152,1.000000
1927,1435,1.000000
1927,1923,1.000000
1927,1928,1.000000
1927,1929,1.000000
1928,1344,1.000000
1928,1447,1.000000
1928,1927,1.000000
1928,2317,1.000000
1928,2475,1.000000
1929,1268,1.000000
1929,1671,1.000000
1929,1927,1.000000
1929,2034,1.000000
1937,548,1.000000
1937,1938,1.000000
1938,1937,1.000000
1950,1334,1.000000
1952,788,1.000000
1952,1002,1.000000
1952,1654,1.000000
1952,2205,1.000000
1953,458,1.000000
1953,1470,1.000000
1953,1555,1.000000
1954,590,1.000000
1954,1441,1.000000
1954,1955,1.000000
1954,1957,1.000000
1954,1958,1.000000
1955,676,1.000000
1955,1179,1.000000
1955,1954,1.000000
1955,2235,1.000000
1957,979,1.000000
1957,1441,1.000000
1957,1954,1.000000
1957,2241,1.000000
1957,2630,1.000000
1958,735,1.000000
1958,739,1.000000
1958,1441,1.000000
1958,1884,1.000000
1958,1954,1.000000
1962,1963,1.000000
1963,1022,1.000000
1963,1962,1.000000
1964,1965,1.000000
1964,1966,1.000000
1965,39,1.000000
1965,1964,1.000000
1966,94,1.000000
1966,1234,1.000000
1966,1569,1.000000
1966,1702,1.000000
1966,1703,1.000000
1966,1964,1.000000
1966,1971,1.000000
1967,275,1.000000
1967,1703,1.000000
1968,1671,1.000000
1968,1703,1.000000
1968,2034,1.000000
1971,1702,1.000000
1971,1703,1.000000
1971,1966,1.000000
1973,490,1.000000
1973,1333,1.000000
1973,1482,1.000000
1973,1525,1.000000
1973,1683,1.000000
1973,1975,1.000000
1975,1224,1.000000
1975,1370,1.000000
1975,1421,1.000000
1975,1973,1.000000
1975,2109,1.000000
1975,2110,1.000000
1977,436,1.000000
1977,1526,1.000000
1978,249,1.000000
1978,436,1.000000
1978,478,1.000000
1978,514,1.000000
1978,621,1.000000
1979,436,1.000000
1979,1842,1.000000
1979,2178,1.000000
1979,2405,1.000000
1979,1980,1.000000
1980,436,1.000000
1980,816,1.000000
1980,1842,1.000000
1980,1979,1.000000
1980,2405,1.000000
1981,436,1.000000
1981,490,1.000000
1981,1526,1.000000
1982,130,1.000000
1982,436,1.000000
1986,2,1.000000
1986,45,1.000000
1986,68,1.000000
1986,71,1.000000
1986,151,1.000000
1986,160,1.000000
1986,179,1.000000
1986,201,1.000000
1986,215,1.000000
1986,391,1.000000
1986,460,1.000000
1986,519,1.000000
1986,743,1.000000
1986,745,1.000000
1986,792,1.000000
1986,899,1.000000
1986,968,1.000000
1986,1023,1.000000
1986,1095,1.000000
1986,1166,1.000000
1986,1453,1.000000
1986,1558,1.000000
1986,1574,1.000000
1986,1697,1.000000
1986,1709,1.000000
1986,1812,1.000000
1986,1875,1.000000
1986,1988,1.000000
1986,1989,1.000000
1986,1990,1.000000
1986,1991,1.000000
1986,1993,1.000000
1986,1995,1.000000
1986,1996,1.000000
1986,1997,1.000000
1986,1998,1.000000
1986,1999,1.000000
1986,2000,1.000000
1986,2002,1.000000
1986,2003,1.000000
1986,2005,1.000000
1986,2006,1.000000
1986,2007,1.000000
1986,2008,1.000000
1986,2009,1.000000
1988,396,1.000000
1988,1986,1.000000
1989,460,1.000000
1989,1986,1.000000
1990,1986,1.000000
1991,1986,1.000000
1991,2325,1.000000
1993,849,1.000000
1993,1986,1.000000
1995,553,1.000000
1995,745,1.000000
1995,1583,1.000000
1995,1986,1.000000
1996,8,1.000000
1996,327,1.000000
1996,1986,1.000000
1997,1347,1.000000
1997,1986,1.000000
1997,2412,1.000000
1998,109,1.000000
1998,191,1.000000
1998,519,1.000000
1998,695,1.000000
1998,1197,1.000000
1998,1986,1.000000
1998,2326,1.000000
1999,285,1.000000
1999,818,1.000000
1999,827,1.000000
1999,1986,1.000000
2000,160,1.000000
2000,267,1.000000
2000,314,1.000000
2000,1986,1.000000
2001,2378,1.000000
2001,2044,1.000000
2001,2379,1.000000
2001,2121,1.000000
2001,2002,1.000000
2001,2003,1.000000
2002,1986,1.000000
2002,2001,1.000000
2002,2379,1.000000
2003,185,1.000000
2003,332,1.000000
2003,1986,1.000000
2003,2001,1.000000
2003,2123,1.000000
2005,1986,1.000000
2006,746,1.000000
2006,1986,1.000000
2006,2477,1.000000
2007,1986,1.000000
2008,733,1.000000
2008,1986,1.000000
2008,2301,1.000000
2009,160,1.000000
2009,553,1.000000
2009,745,1.000000
2009,1986,1.000000
2009,2025,1.000000
2010,88,1.000000
2010,118,1.000000
2010,161,1.000000
2010,2016,1.000000
2011,25,1.000000
2011,88,1.000000
2011,733,1.000000
2012,88,1.000000
2012,272,1.000000
2013,88,1.000000
2013,471,1.000000
2014,88,1.000000
2014,415,1.000000
2016,88,1.000000
2016,842,1.000000
2016,973,1.000000
2016,2010,1.000000
2016,2071,1.000000
2017,88,1.000000
2017,130,1.000000
2017,815,1.000000
2017,1487,1.000000
2017,2467,1.000000
2018,76,1.000000
2018,621,1.000000
2018,815,1.000000
2018,851,1.000000
2018,1658,1.000000
2018,2019,1.000000
2019,973,1.000000
2019,2018,1.000000
2021,55,1.000000
2021,65,1.000000
2021,239,1.000000
2021,1628,1.000000
2021,2418,1.000000
2023,651,1.000000
2023,1512,1.000000
2023,2217,1.000000
2024,478,1.000000
2024,651,1.000000
2024,885,1.000000
2024,1332,1.000000
2024,2178,1.000000
2024,2156,1.000000
2025,1120,1.000000
2025,1583,1.000000
2025,2009,1.000000
2025,2026,1.000000
2025,2027,1.000000
2025,2028,1.000000
2026,487,1.000000
2026,2025,1.000000
2026,2045,1.000000
2026,2096,1.000000
2027,938,1.000000
2027,1239,1.000000
2027,2025,1.000000
2027,2360,1.000000
2028,2025,1.000000
2032,1336,1.000000
2033,740,1.000000
2033,788,1.000000
2033,1002,1.000000
2033,1336,1.000000
2034,14,1.000000
2034,49,1.000000
2034,86,1.000000
2034,141,1.000000
2034,158,1.000000
2034,224,1.000000
2034,382,1.000000
2034,417,1.000000
2034,617,1.000000
2034,841,1.000000
2034,1002,1.000000
2034,1270,1.000000
2034,1273,1.000000
2034,1336,1.000000
2034,1448,1.000000
2034,1497,1.000000
2034,1654,1.000000
2034,1812,1.000000
2034,1889,1.000000
2034,1894,1.000000
2034,1929,1.000000
2034,1968,1.000000
2034,2035,1.000000
2034,2039,1.000000
2034,2040,1.000000
2034,2041,1.000000
2034,2042,1.000000
2035,733,1.000000
2035,1324,1.000000
2035,2034,1.000000
2039,1889,1.000000
2039,2034,1.000000
2039,2042,1.000000
2040,33,1.000000
2040,2034,1.000000
2040,2122,1.000000
2040,2120,1.000000
2041,48,1.000000
2041,429,1.000000
2041,788,1.000000
2041,2034,1.000000
2042,2034,1.000000
2042,2039,1.000000
2044,429,1.000000
2044,2001,1.000000
2045,126,1.000000
2045,133,1.000000
2045,139,1.000000
2045,153,1.000000
2045,215,1.000000
2045,236,1.000000
2045,318,1.000000
2045,341,1.000000
2045,563,1.000000
2045,1337,1.000000
2045,1448,1.000000
2045,1651,1.000000
2045,1784,1.000000
2045,1791,1.000000
2045,1856,1.000000
2045,2026,1.000000
2045,2046,1.000000
2045,2047,1.000000
2046,236,1.000000
2046,306,1.000000
2046,484,1.000000
2046,2045,1.000000
2047,294,1.000000
2047,2045,1.000000
2049,80,1.000000
2049,142,1.000000
2050,1616,1.000000
2050,2485,1.000000
2051,1042,1.000000
2051,1926,1.000000
2051,2364,1.000000
2053,52,1.000000
2053,1628,1.000000
2054,95,1.000000
2054,456,1.000000
2054,525,1.000000
2054,1042,1.000000
2054,1139,1.000000
2054,1540,1.000000
2054,1602,1.000000
2054,1628,1.000000
2054,2133,1.000000
2055,1042,1.000000
2055,1588,1.000000
2055,1628,1.000000
2055,2198,1.000000
2057,525,1.000000
2057,1628,1.000000
2059,146,1.000000
2059,405,1.000000
2059,1435,1.000000
2061,735,1.000000
2062,701,1.000000
2062,735,1.000000
2065,918,1.000000
2065,2066,1.000000
2065,2067,1.000000
2066,1098,1.000000
2066,1477,1.000000
2066,2065,1.000000
2066,2122,1.000000
2067,1098,1.000000
2067,1477,1.000000
2067,2065,1.000000
2068,861,1.000000
2068,1330,1.000000
2068,1377,1.000000
2071,1435,1.000000
2071,1566,1.000000
2073,901,1.000000
2073,1042,1.000000
2073,1602,1.000000
2074,95,1.000000
2074,1602,1.000000
2074,2181,1.000000
2074,2277,1.000000
2075,14,1.000000
2075,2091,1.000000
2075,2668,1.000000
2077,14,1.000000
2077,486,1.000000
2078,236,1.000000
2078,306,1.000000
2078,836,1.000000
2078,1776,1.000000
2079,126,1.000000
2079,236,1.000000
2079,1802,1.000000
2080,112,1.000000
2080,608,1.000000
2080,655,1.000000
2080,1459,1.000000
2080,1770,1.000000
2081,484,1.000000
2081,1705,1.000000
2082,18,1.000000
2082,133,1.000000
2083,650,1.000000
2083,1550,1.000000
2083,1557,1.000000
2083,1685,1.000000
2084,306,1.000000
2084,350,1.000000
2084,409,1.000000
2086,306,1.000000
2086,1089,1.000000
2086,1505,1.000000
2086,2094,1.000000
2087,306,1.000000
2087,1335,1.000000
2090,1335,1.000000
2091,218,1.000000
2091,306,1.000000
2091,2075,1.000000
2092,109,1.000000
2093,109,1.000000
2093,741,1.000000
2093,831,1.000000
2094,530,1.000000
2094,2086,1.000000
2095,2145,1.000000
2096,1009,1.000000
2096,1784,1.000000
2096,1856,1.000000
2096,2026,1.000000
2104,516,1.000000
2109,1085,1.000000
2109,1396,1.000000
2109,1421,1.000000
2109,1975,1.000000
2109,2110,1.000000
2110,1085,1.000000
2110,1421,1.000000
2110,1975,1.000000
2110,2109,1.000000
2114,1083,1.000000
2114,2588,1.000000
2119,33,1.000000
2119,218,1.000000
2120,33,1.000000
2120,442,1.000000
2120,665,1.000000
2120,2040,1.000000
2120,2637,1.000000
2121,33,1.000000
2121,2001,1.000000
2121,2122,1.000000
2122,196,1.000000
2122,332,1.000000
2122,627,1.000000
2122,665,1.000000
2122,1051,1.000000
2122,2040,1.000000
2122,2066,1.000000
2122,2121,1.000000
2122,2123,1.000000
2123,2001,1.000000
2123,2003,1.000000
2123,2122,1.000000
2124,1119,1.000000
2124,1273,1.000000
2124,1608,1.000000
2124,1611,1.000000
2124,2125,1.000000
2124,2126,1.000000
2124,2127,1.000000
2125,1111,1.000000
2125,1119,1.000000
2125,1273,1.000000
2125,2124,1.000000
2125,2126,1.000000
2126,870,1.000000
2126,1111,1.000000
2126,1119,1.000000
2126,1235,1.000000
2126,1273,1.000000
2126,1608,1.000000
2126,2124,1.000000
2126,2125,1.000000
2127,546,1.000000
2127,1119,1.000000
2127,2124,1.000000
2127,2130,1.000000
2128,1119,1.000000
2128,2129,1.000000
2129,1111,1.000000
2129,1119,1.000000
2129,1273,1.000000
2129,2128,1.000000
2130,430,1.000000
2130,912,1.000000
2130,1890,1.000000
2130,2127,1.000000
2131,1463,1.000000
2131,2182,1.000000
2131,2133,1.000000
2132,1163,1.000000
2132,1463,1.000000
2132,1482,1.000000
2132,1683,1.000000
2133,276,1.000000
2133,1463,1.000000
2133,1695,1.000000
2133,2054,1.000000
2133,2131,1.000000
2137,1394,1.000000
2137,1487,1.000000
2137,1671,1.000000
2138,548,1.000000
2138,598,1.000000
2138,944,1.000000
2144,2145,1.000000
2145,18,1.000000
2145,1512,1.000000
2145,2095,1.000000
2145,2144,1.000000
2146,374,1.000000
2146,509,1.000000
2146,846,1.000000
2146,1101,1.000000
2146,1242,1.000000
2146,2147,1.000000
2146,2148,1.000000
2147,374,1.000000
2147,455,1.000000
2147,658,1.000000
2147,1664,1.000000
2147,2146,1.000000
2147,2486,1.000000
2148,509,1.000000
2148,1101,1.000000
2148,1242,1.000000
2148,2146,1.000000
2149,374,1.000000
2152,1224,1.000000
2152,2385,1.000000
2154,1224,1.000000
2154,1291,1.000000
2154,1587,1.000000
2154,1660,1.000000
2155,749,1.000000
2155,1152,1.000000
2156,324,1.000000
2156,651,1.000000
2156,1224,1.000000
2156,2024,1.000000
2162,30,1.000000
2162,61,1.000000
2162,738,1.000000
2162,1080,1.000000
2162,2163,1.000000
2163,1502,1.000000
2163,2162,1.000000
2164,87,1.000000
2164,2217,1.000000
2164,2282,1.000000
2167,957,1.000000
2168,876,1.000000
2168,1033,1.000000
2168,1557,1.000000
2168,1586,1.000000
2172,52,1.000000
2172,525,1.000000
2172,1467,1.000000
2172,1628,1.000000
2172,2182,1.000000
2173,939,1.000000
2173,2174,1.000000
2174,2173,1.000000
2176,1382,1.000000
2177,398,1.000000
2177,644,1.000000
2177,2367,1.000000
2178,76,1.000000
2178,88,1.000000
2178,415,1.000000
2178,737,1.000000
2178,1309,1.000000
2178,1979,1.000000
2178,2024,1.000000
2180,257,1.000000
2180,525,1.000000
2180,2182,1.000000
2181,95,1.000000
2181,142,1.000000
2181,525,1.000000
2181,1388,1.000000
2181,2074,1.000000
2181,2197,1.000000
2182,52,1.000000
2182,525,1.000000
2182,858,1.000000
2182,1139,1.000000
2182,1515,1.000000
2182,1838,1.000000
2182,2131,1.000000
2182,2172,1.000000
2184,70,1.000000
2184,441,1.000000
2186,756,1.000000
2186,901,1.000000
2186,1279,1.000000
2186,1692,1.000000
2186,2199,1.000000
2193,2194,1.000000
2194,214,1.000000
2194,324,1.000000
2194,1120,1.000000
2194,2193,1.000000
2194,2195,1.000000
2195,594,1.000000
2195,663,1.000000
2195,1333,1.000000
2195,2194,1.000000
2197,95,1.000000
2197,734,1.000000
2197,736,1.000000
2197,965,1.000000
2197,1388,1.000000
2197,2181,1.000000
2198,964,1.000000
2198,1042,1.000000
2198,2055,1.000000
2198,2182,1.000000
2199,95,1.000000
2199,456,1.000000
2199,544,1.000000
2199,680,1.000000
2199,731,1.000000
2199,2200,1.000000
2199,2201,1.000000
2200,95,1.000000
2200,1580,1.000000
2200,2199,1.000000
2201,95,1.000000
2201,552,1.000000
2201,2199,1.000000
2203,731,1.000000
2203,1279,1.000000
2203,1801,1.000000
2203,2511,1.000000
2203,2330,1.000000
2205,48,1.000000
2205,788,1.000000
2205,1952,1.000000
2207,979,1.000000
2207,1200,1.000000
2207,2241,1.000000
2212,708,1.000000
2212,2216,1.000000
2216,708,1.000000
2216,1724,1.000000
2216,2212,1.000000
2217,231,1.000000
2217,2023,1.000000
2217,2164,1.000000
2218,1411,1.000000
2218,1459,1.000000
2219,475,1.000000
2219,485,1.000000
2219,1838,1.000000
2220,1148,1.000000
2220,1169,1.000000
2220,1317,1.000000
2220,2221,1.000000
2220,2525,1.000000
2221,823,1.000000
2221,1148,1.000000
2221,1317,1.000000
2221,1739,1.000000
2221,2220,1.000000
2221,2507,1.000000
2227,266,1.000000
2227,1269,1.000000
2227,2228,1.000000
2228,809,1.000000
2228,1396,1.000000
2228,1501,1.000000
2228,2227,1.000000
2228,2394,1.000000
2228,2395,1.000000
2229,266,1.000000
2229,601,1.000000
2229,809,1.000000
2230,482,1.000000
2230,606,1.000000
2230,938,1.000000
2234,1515,1.000000
2235,612,1.000000
2235,676,1.000000
2235,1955,1.000000
2236,151,1.000000
2236,805,1.000000
2238,22,1.000000
2238,151,1.000000
2238,627,1.000000
2238,706,1.000000
2238,1702,1.000000
2238,1703,1.000000
2238,2239,1.000000
2239,2238,1.000000
2241,1503,1.000000
2241,1957,1.000000
2241,2207,1.000000
2241,2242,1.000000
2242,2241,1.000000
2242,2539,1.000000
2243,1107,1.000000
2243,1503,1.000000
2243,2244,1.000000
2243,2245,1.000000
2243,2246,1.000000
2244,281,1.000000
2244,2243,1.000000
2245,2243,1.000000
2245,2246,1.000000
2246,1595,1.000000
2246,2243,1.000000
2246,2245,1.000000
2246,2247,1.000000
2247,281,1.000000
2247,1325,1.000000
2247,2246,1.000000
2247,2543,1.000000
2248,348,1.000000
2248,1138,1.000000
2248,1257,1.000000
2248,1461,1.000000
2250,283,1.000000
2250,348,1.000000
2250,1138,1.000000
2250,1260,1.000000
2253,1697,1.000000
2256,102,1.000000
2256,1878,1.000000
2257,1728,1.000000
2262,1015,1.000000
2262,1143,1.000000
2264,1104,1.000000
2265,984,1.000000
2265,1324,1.000000
2266,2364,1.000000
2266,2321,1.000000
2271,1441,1.000000
2272,1441,1.000000
2273,1441,1.000000
2277,734,1.000000
2277,839,1.000000
2277,2074,1.000000
2282,816,1.000000
2282,1131,1.000000
2282,1351,1.000000
2282,1655,1.000000
2282,2164,1.000000
2283,575,1.000000
2283,1131,1.000000
2283,1382,1.000000
2287,610,1.000000
2287,826,1.000000
2291,481,1.000000
2291,733,1.000000
2291,1682,1.000000
2295,86,1.000000
2295,897,1.000000
2295,1655,1.000000
2295,2155,1.000000
2297,1796,1.000000
2297,2298,1.000000
2298,2297,1.000000
2300,1196,1.000000
2301,733,1.000000
2301,2008,1.000000
2302,733,1.000000
2302,1692,1.000000
2303,45,1.000000
2303,733,1.000000
2303,2541,1.000000
2304,469,1.000000
2304,733,1.000000
2304,2385,1.000000
2305,1818,1.000000
2305,1909,1.000000
2305,2306,1.000000
2306,1818,1.000000
2306,2305,1.000000
2306,2552,1.000000
2308,482,1.000000
2308,531,1.000000
2308,2559,1.000000
2309,210,1.000000
2309,461,1.000000
2309,994,1.000000
2309,1021,1.000000
2309,1043,1.000000
2309,1268,1.000000
2309,1869,1.000000
2310,21,1.000000
2310,1920,1.000000
2313,873,1.000000
2313,1708,1.000000
2315,1344,1.000000
2317,25,1.000000
2317,1403,1.000000
2317,1928,1.000000
2318,1681,1.000000
2318,1779,1.000000
2319,695,1.000000
2319,1681,1.000000
2319,1682,1.000000
2320,1681,1.000000
2320,1682,1.000000
2321,1682,1.000000
2321,2266,1.000000
2324,1282,1.000000
2324,1283,1.000000
2324,1735,1.000000
2324,1776,1.000000
2325,508,1.000000
2325,1768,1.000000
2325,1991,1.000000
2326,878,1.000000
2326,1142,1.000000
2326,1782,1.000000
2326,1998,1.000000
2329,2330,1.000000
2330,861,1.000000
2330,2203,1.000000
2330,2329,1.000000
2332,1125,1.000000
2332,1481,1.000000
2332,1669,1.000000
2334,174,1.000000
2334,1725,1.000000
2335,151,1.000000
2335,627,1.000000
2335,1385,1.000000
2335,1474,1.000000
2335,1481,1.000000
2335,1519,1.000000
2335,2001,1.000000
2336,2524,1.000000
2338,1558,1.000000
2338,2555,1.000000
2339,2340,1.000000
2340,1558,1.000000
2340,2339,1.000000
2341,780,1.000000
2343,30,1.000000
2343,2344,1.000000
2344,1080,1.000000
2344,2343,1.000000
2344,2475,1.000000
2347,456,1.000000
2347,544,1.000000
2347,1692,1.000000
2351,394,1.000000
2351,577,1.000000
2351,849,1.000000
2351,906,1.000000
2351,1064,1.000000
2351,1129,1.000000
2352,577,1.000000
2352,1064,1.000000
2352,1129,1.000000
2353,577,1.000000
2353,906,1.000000
2353,1129,1.000000
2354,577,1.000000
2356,675,1.000000
2356,2357,1.000000
2357,39,1.000000
2357,94,1.000000
2357,1846,1.000000
2357,2356,1.000000
2359,290,1.000000
2359,480,1.000000
2359,687,1.000000
2359,797,1.000000
2359,1136,1.000000
2359,1171,1.000000
2359,1175,1.000000
2359,1189,1.000000
2359,1433,1.000000
2359,1834,1.000000
2359,2372,1.000000
2360,27,1.000000
2360,606,1.000000
2360,2027,1.000000
2360,2578,1.000000
2361,606,1.000000
2362,442,1.000000
2363,125,1.000000
2363,1555,1.000000
2364,667,1.000000
2364,2051,1.000000
2364,2266,1.000000
2365,391,1.000000
2365,616,1.000000
2365,970,1.000000
2365,998,1.000000
2365,1709,1.000000
2365,1738,1.000000
2366,686,1.000000
2366,1738,1.000000
2367,1147,1.000000
2367,2177,1.000000
2367,2368,1.000000
2367,2369,1.000000
2367,2370,1.000000
2368,2367,1.000000
2368,2370,1.000000
2369,2367,1.000000
2369,2370,1.000000
2370,2367,1.000000
2370,2368,1.000000
2370,2369,1.000000
2372,480,1.000000
2372,687,1.000000
2372,2359,1.000000
2373,267,1.000000
2376,911,1.000000
2376,1143,1.000000
2376,1202,1.000000
2376,1428,1.000000
2377,372,1.000000
2378,1018,1.000000
2378,2001,1.000000
2379,1107,1.000000
2379,2001,1.000000
2379,2002,1.000000
2382,814,1.000000
2382,1158,1.000000
2382,2383,1.000000
2383,588,1.000000
2383,808,1.000000
2383,814,1.000000
2383,893,1.000000
2383,1051,1.000000
2383,1484,1.000000
2383,2382,1.000000
2384,1655,1.000000
2385,191,1.000000
2385,995,1.000000
2385,2152,1.000000
2385,2304,1.000000
2386,885,1.000000
2386,1082,1.000000
2388,945,1.000000
2388,1377,1.000000
2388,1914,1.000000
2389,1740,1.000000
2389,2451,1.000000
2390,489,1.000000
2390,1041,1.000000
2390,1740,1.000000
2390,2451,1.000000
2390,2391,1.000000
2391,489,1.000000
2391,1740,1.000000
2391,2390,1.000000
2391,2451,1.000000
2394,88,1.000000
2394,471,1.000000
2394,724,1.000000
2394,1027,1.000000
2394,1085,1.000000
2394,1174,1.000000
2394,1396,1.000000
2394,1420,1.000000
2394,1421,1.000000
2394,2228,1.000000
2394,2395,1.000000
2394,2397,1.000000
2395,724,1.000000
2395,1396,1.000000
2395,1501,1.000000
2395,2228,1.000000
2395,2394,1.000000
2397,2394,1.000000
2401,375,1.000000
2401,963,1.000000
2401,2434,1.000000
2401,2435,1.000000
2402,781,1.000000
2404,1912,1.000000
2405,120,1.000000
2405,483,1.000000
2405,816,1.000000
2405,1842,1.000000
2405,1979,1.000000
2405,1980,1.000000
2407,573,1.000000
2407,643,1.000000
2407,1313,1.000000
2410,2411,1.000000
2411,2410,1.000000
2412,197,1.000000
2412,469,1.000000
2412,1997,1.000000
2413,2414,1.000000
2413,2415,1.000000
2414,1200,1.000000
2414,2413,1.000000
2415,915,1.000000
2415,2413,1.000000
2415,2597,1.000000
2416,1152,1.000000
2416,2417,1.000000
2417,2416,1.000000
2418,57,1.000000
2418,2021,1.000000
2421,757,1.000000
2427,37,1.000000
2427,349,1.000000
2427,2428,1.000000
2428,2427,1.000000
2431,2432,1.000000
2432,2431,1.000000
2433,1233,1.000000
2434,375,1.000000
2434,963,1.000000
2434,2401,1.000000
2435,375,1.000000
2435,2401,1.000000
2439,867,1.000000
2439,1229,1.000000
2439,2530,1.000000
2439,2652,1.000000
2440,657,1.000000
2440,867,1.000000
2440,1229,1.000000
2440,2530,1.000000
2441,1229,1.000000
2441,1599,1.000000
2442,657,1.000000
2442,867,1.000000
2442,1229,1.000000
2442,2530,1.000000
2443,615,1.000000
2443,1742,1.000000
2444,16,1.000000
2444,464,1.000000
2444,580,1.000000
2444,1710,1.000000
2444,1742,1.000000
2444,2503,1.000000
2445,464,1.000000
2445,580,1.000000
2445,1742,1.000000
2445,2503,1.000000
2446,1216,1.000000
2446,1716,1.000000
2446,2447,1.000000
2446,2448,1.000000
2447,609,1.000000
2447,1037,1.000000
2447,2446,1.000000
2448,609,1.000000
2448,762,1.000000
2448,1041,1.000000
2448,1067,1.000000
2448,2446,1.000000
2449,1523,1.000000
2450,1284,1.000000
2451,268,1.000000
2451,1757,1.000000
2451,1801,1.000000
2451,2389,1.000000
2451,2390,1.000000
2451,2391,1.000000
2456,672,1.000000
2456,817,1.000000
2457,2649,1.000000
2462,1442,1.000000
2466,425,1.000000
2466,533,1.000000
2466,1007,1.000000
2466,1758,1.000000
2467,2017,1.000000
2467,2468,1.000000
2468,2467,1.000000
2469,365,1.000000
2469,1475,1.000000
2471,48,1.000000
2471,2493,1.000000
2472,192,1.000000
2472,456,1.000000
2472,591,1.000000
2472,642,1.000000
2472,667,1.000000
2472,1017,1.000000
2475,1928,1.000000
2475,2344,1.000000
2476,105,1.000000
2476,524,1.000000
2476,1169,1.000000
2476,1596,1.000000
2476,1721,1.000000
2476,2651,1.000000
2477,2006,1.000000
2478,124,1.000000
2480,331,1.000000
2480,712,1.000000
2480,1359,1.000000
2481,610,1.000000
2481,840,1.000000
2483,385,1.000000
2483,2484,1.000000
2484,369,1.000000
2484,385,1.000000
2484,2483,1.000000
2485,1370,1.000000
2485,2050,1.000000
2486,455,1.000000
2486,1684,1.000000
2486,2147,1.000000
2487,85,1.000000
2488,85,1.000000
2489,1608,1.000000
2492,111,1.000000
2492,301,1.000000
2492,758,1.000000
2492,1169,1.000000
2492,1765,1.000000
2493,855,1.000000
2493,2471,1.000000
2495,1130,1.000000
2495,1641,1.000000
2499,1117,1.000000
2499,1524,1.000000
2500,722,1.000000
2500,1567,1.000000
2500,1874,1.000000
2501,722,1.000000
2501,1092,1.000000
2501,1106,1.000000
2501,1321,1.000000
2501,1874,1.000000
2502,858,1.000000
2503,403,1.000000
2503,616,1.000000
2503,1216,1.000000
2503,2444,1.000000
2503,2445,1.000000
2507,353,1.000000
2507,1250,1.000000
2507,2221,1.000000
2511,2203,1.000000
2513,1684,1.000000
2515,246,1.000000
2515,936,1.000000
2515,2530,1.000000
2516,2517,1.000000
2517,941,1.000000
2517,2516,1.000000
2518,148,1.000000
2518,381,1.000000
2518,2538,1.000000
2520,1428,1.000000
2520,1429,1.000000
2520,1484,1.000000
2522,657,1.000000
2522,867,1.000000
2522,2656,1.000000
2523,657,1.000000
2523,867,1.000000
2524,1202,1.000000
2524,1428,1.000000
2524,2336,1.000000
2525,154,1.000000
2525,2220,1.000000
2529,959,1.000000
2530,871,1.000000
2530,936,1.000000
2530,2439,1.000000
2530,2440,1.000000
2530,2442,1.000000
2530,2515,1.000000
2532,460,1.000000
2534,605,1.000000
2534,620,1.000000
2534,729,1.000000
2534,1159,1.000000
2534,2535,1.000000
2535,1186,1.000000
2535,2534,1.000000
2538,381,1.000000
2538,450,1.000000
2538,492,1.000000
2538,1257,1.000000
2538,2518,1.000000
2539,2242,1.000000
2541,1591,1.000000
2541,2303,1.000000
2543,269,1.000000
2543,1000,1.000000
2543,2247,1.000000
2546,5,1.000000
2546,466,1.000000
2550,1812,1.000000
2551,269,1.000000
2552,2306,1.000000
2554,1136,1.000000
2555,792,1.000000
2555,961,1.000000
2555,1728,1.000000
2555,2338,1.000000
2555,2599,1.000000
2556,626,1.000000
2556,1249,1.000000
2556,1610,1.000000
2557,1610,1.000000
2558,626,1.000000
2558,1249,1.000000
2558,1610,1.000000
2559,2308,1.000000
2563,1050,1.000000
2563,1081,1.000000
2565,953,1.000000
2565,2566,1.000000
2565,2567,1.000000
2566,953,1.000000
2566,2565,1.000000
2567,953,1.000000
2567,2565,1.000000
2568,1023,1.000000
2569,380,1.000000
2569,477,1.000000
2569,930,1.000000
2570,727,1.000000
2570,1386,1.000000
2570,2573,1.000000
2571,1386,1.000000
2573,1877,1.000000
2573,2570,1.000000
2574,1186,1.000000
2577,1235,1.000000
2577,1663,1.000000
2578,27,1.000000
2578,2360,1.000000
2579,972,1.000000
2579,1086,1.000000
2579,1225,1.000000
2582,1166,1.000000
2584,876,1.000000
2585,558,1.000000
2585,1706,1.000000
2588,2114,1.000000
2591,234,1.000000
2591,1552,1.000000
2593,1741,1.000000
2594,2680,1.000000
2595,833,1.000000
2596,1589,1.000000
2596,1725,1.000000
2596,1745,1.000000
2596,1751,1.000000
2597,915,1.000000
2597,1389,1.000000
2597,2415,1.000000
2599,961,1.000000
2599,1728,1.000000
2599,2555,1.000000
2601,1488,1.000000
2601,2609,1.000000
2606,670,1.000000
2607,1003,1.000000
2608,891,1.000000
2608,1674,1.000000
2608,1900,1.000000
2609,411,1.000000
2609,2601,1.000000
2611,1239,1.000000
2612,1280,1.000000
2612,1516,1.000000
2613,1095,1.000000
2615,332,1.000000
2615,2696,1.000000
2620,1925,1.000000
2624,44,1.000000
2624,2701,1.000000
2627,929,1.000000
2630,1957,1.000000
2630,2699,1.000000
2631,66,1.000000
2633,1563,1.000000
2637,2120,1.000000
2640,1519,1.000000
2642,16,1.000000
2642,358,1.000000
2642,364,1.000000
2642,1756,1.000000
2643,111,1.000000
2648,1532,1.000000
2649,1915,1.000000
2649,2457,1.000000
2650,960,1.000000
2651,59,1.000000
2651,105,1.000000
2651,2476,1.000000
2652,357,1.000000
2652,871,1.000000
2652,2439,1.000000
2653,865,1.000000
2653,1920,1.000000
2654,403,1.000000
2654,1037,1.000000
2654,2655,1.000000
2655,2654,1.000000
2656,1252,1.000000
2656,2522,1.000000
2657,1642,1.000000
2658,1642,1.000000
2664,1438,1.000000
2667,45,1.000000
2667,486,1.000000
2667,2668,1.000000
2668,14,1.000000
2668,45,1.000000
2668,486,1.000000
2668,2075,1.000000
2668,2667,1.000000
2669,592,1.000000
2671,1688,1.000000
2680,1522,1.000000
2680,2594,1.000000
2684,1320,1.000000
2684,1349,1.000000
2686,1554,1.000000
2686,1657,1.000000
2687,1554,1.000000
2687,2688,1.000000
2688,1554,1.000000
2688,1657,1.000000
2688,2687,1.000000
2690,611,1.000000
2691,71,1.000000
2691,206,1.000000
2696,2615,1.000000
2697,986,1.000000
2699,2630,1.000000
2701,44,1.000000
2701,2624,1.000000
2704,641,1.000000
2705,287,1.000000
