1 3223 44638
1 8740 32296
1 7708 31037
1 119907 126508
1 16279 8687
1 13931 6588
1 109878 311564
1 120837 87188
1 1819 6588
1 167203 75850
1 1819 1511
1 60487 46206
1 6806 13281
1 186950 282865
1 312623 25748
1 75850 232566
1 20107 84823
1 20361 60487
1 296568 290817
1 49250 41497
1 448511 438429
1 32335 107247
1 276891 282865
1 28748 15690
1 112085 329974
1 2 8347
1 18333 44638
1 90520 86754
1 28748 22527
1 276891 438438
1 13932 56833
1 25224 6586
1 373211 484469
1 112418 82931
1 28744 3338
1 92007 14704
1 13325 8687
1 112085 303824
1 167203 312623
1 267374 49755
1 3343 46341
1 290817 250384
1 8687 25218
1 255054 303824
1 232514 206599
1 112085 112418
1 16531 32079
1 34693 28748
1 275832 209881
1 4162 14704
1 218305 411966
1 126510 405662
1 14267 88587
1 78394 88587
1 60487 21949
1 21594 8740
1 18341 33761
1 422303 282865
1 448511 491755
1 13173 4024
1 25218 4024
1 124253 49755
1 13932 8740
1 25218 21594
1 321287 20744
1 15195 46341
1 28744 86754
1 109878 88587
1 188464 82578
1 9362 6588
1 46488 32079
1 28751 333456
1 2512 38384
1 2512 4162
1 124253 466668
1 44641 21924
1 14267 6277
1 18396 28748
1 4162 2816
1 9103 88587
1 41656 196373
1 49250 69924
1 213856 46301
1 134788 206599
1 15690 32079
1 13325 283
1 60197 3329
1 1511 49250
1 1244 4024
1 29765 75850
1 28751 88587
1 13325 60197
1 85759 87188
1 34693 7721
1 18341 49250
1 1511 1244
1 272425 196373
1 15526 46301
1 21594 8347
1 13281 46301
1 13281 21914
1 199932 126508
1 6277 38384
1 312623 255054
1 88587 155402
1 9408 44638
1 166348 438429
1 120837 322313
1 57360 88587
1 322161 228125
1 18341 196373
1 107247 29765
1 25218 8687
1 179714 82578
1 82011 218749
1 75850 354802
1 32335 303824
1 315468 112085
1 302946 386286
1 14218 38384
1 128852 257012
1 420720 163180
1 21594 164772
1 25224 38384
1 2631 21594
1 28748 38384
1 133901 44638
1 126515 87188
1 322312 312623
1 1266 13173
1 1236 8740
1 25224 1511
1 15690 28748
1 133901 333456
1 31564 49250
1 296568 416973
1 14089 196373
1 60197 13173
1 14665 466668
1 20058 163180
1 438429 438438
1 3223 18396
1 53815 56833
1 2855 8740
1 2631 46341
1 16279 86917
1 13281 6277
1 112085 312623
1 6806 14704
1 21594 2631
1 8687 33761
1 13938 21914
1 7721 133901
1 1511 46301
1 119907 443732
1 315468 303824
1 1511 46341
1 329974 31798
1 75861 133901
1 302946 466668
1 448511 459812
1 42228 163180
1 92007 49755
1 109878 250620
1 438429 491755
1 179714 486838
1 2855 8347
1 25218 6586
1 8687 4162
1 8347 6588
1 13325 133901
1 112418 157428
1 13173 33761
1 164772 8687
1 128531 433909
1 75850 163180
1 34693 38384
1 18333 283
1 21927 20744
1 109789 133901
1 283607 303824
1 329974 303824
1 321287 196373
1 13932 20744
1 329974 137852
1 448511 283920
1 206599 438429
1 13325 25224
1 2855 14704
1 20361 2631
1 2816 21914
1 330307 290817
1 8751 20744
1 280075 469789
1 206599 82578
1 133901 60197
1 31564 28751
1 117468 92007
1 218747 38384
1 60487 86917
1 3223 31564
1 49755 85759
1 92007 85759
1 21659 6586
1 24492 13173
1 315468 157428
1 312623 303824
1 322312 167212
1 109878 87188
1 31564 20107
1 276891 206599
1 2631 2916
1 120837 92007
1 464760 464434
1 10433 46341
1 8740 25224
1 117468 303592
1 255050 322312
1 280075 420720
1 34693 18333
1 6586 2816
1 13938 75861
1 1287 56833
1 9399 56833
1 166348 228125
1 205260 228125
1 167203 25748
1 14267 21032
1 438429 282865
1 8740 21594
1 10433 4024
1 25748 8347
1 15195 6588
1 9408 38384
1 308584 276891
1 18333 60197
1 13932 13173
1 13325 28748
1 20361 4162
1 6277 25224
1 2859 38384
1 126515 333456
1 13938 38384
1 31045 20058
1 109789 88587
1 126510 87188
1 18333 56833
1 312623 128580
1 21659 7048
1 18333 75861
1 1266 6588
1 18333 14709
1 112418 126316
1 1287 443732
1 16279 6277
1 74320 2858
1 6277 31037
1 16279 14089
1 312623 255050
1 1819 86917
1 255054 107247
1 92007 420640
1 75850 93497
1 20063 14704
1 429249 209881
1 75861 9103
1 312623 232566
1 4162 8687
1 134530 333456
1 206599 285429
1 28751 133901
1 8347 163180
1 164772 196373
1 2859 2631
1 8687 6277
1 13173 28751
1 3343 2631
1 403374 364686
1 53815 96768
1 20058 13173
1 308493 312623
1 13932 87188
1 6277 2816
1 322313 88587
1 78394 49755
1 28751 34693
1 15690 9103
1 206599 250384
1 25218 196373
1 312623 137852
1 5318 86754
1 16279 25224
1 25218 14704
1 92007 362737
1 351190 255050
1 322313 491755
1 16531 21594
1 82299 21914
1 25224 6277
1 1289 46341
1 8595 6586
1 419115 321498
1 8595 15690
1 16279 21594
1 18333 20097
1 92007 278165
1 4142 4024
1 16279 6588
1 22526 86754
1 128852 87188
1 9408 14704
1 28751 3329
1 7708 6693
1 2855 46301
1 3343 8738
1 2631 13173
1 283607 354802
1 137335 491755
1 21659 20361
1 21659 283
1 255050 42228
1 6586 8687
1 93497 25748
1 8740 25218
1 60487 293429
1 6586 86917
1 6277 13281
1 107225 88587
1 2855 20058
1 312623 303831
1 7972 13173
1 78394 257012
1 21659 18333
1 117468 49250
1 9103 15690
1 107247 315468
1 12417 16279
1 31564 56833
1 18396 14704
1 25218 33761
1 56915 20744
1 16279 43048
1 1511 38384
1 57360 92007
1 3343 38384
1 329974 293489
1 14267 49250
1 133901 92007
1 16279 12417
1 308493 293489
1 13325 14704
1 13932 6277
1 13932 15690
1 46186 38384
1 13932 46341
1 2855 8738
1 137335 82578
1 82931 469789
1 8751 13173
1 107247 303831
1 112418 32335
1 14665 1912
1 14709 38384
1 107247 32335
1 75861 18333
1 351190 163180
1 2855 31037
1 13325 8740
1 75850 228924
1 25224 21914
1 25748 163180
1 128580 255050
1 8595 13173
1 18341 21914
1 25748 112418
1 126515 92007
1 25224 75861
1 15703 46341
1 20058 31037
1 6586 46341
1 119867 67800
1 288128 466668
1 16531 13281
1 32335 329974
1 14665 486838
1 312623 293489
1 32655 31241
1 7048 10736
1 13325 6277
1 6277 13173
1 6277 1511
1 7662 46301
1 21659 21914
1 117468 6588
1 117468 49755
1 13173 8347
1 139873 20744
1 92007 46341
1 75850 25748
1 6586 4024
1 6586 7708
1 7972 91879
1 2631 4024
1 16279 241548
1 20744 6588
1 25224 25218
1 14709 18333
1 17186 14704
1 75861 56833
1 322313 206599
1 111112 41497
1 40413 32335
1 16531 6588
1 351190 484469
1 60197 28751
1 21594 46341
1 16279 6586
1 329974 351190
1 17186 38384
1 20744 15690
1 403374 267374
1 315468 255050
1 20708 126508
1 18341 18396
1 119907 438438
1 2631 86917
1 32335 312623
1 92007 126508
1 92007 92013
1 321533 206599
1 2855 8687
1 448511 438438
1 25224 33063
1 75850 40413
1 22527 49250
1 21927 8738
1 411968 411966
1 186950 438429
1 13938 6588
1 20107 28751
1 49755 250620
1 27066 88587
1 41656 57219
1 133901 49250
1 13325 86754
1 109878 364686
1 49250 278885
1 49250 111112
1 88587 46341
1 112085 255050
1 10787 46341
1 16279 84823
1 128531 82578
1 5318 459807
1 351190 140138
1 29765 31798
1 459811 438438
1 255050 40413
1 25224 2816
1 8751 6588
1 40413 351190
1 121259 86754
1 107225 209881
1 6586 25218
1 312623 112085
1 254244 38384
1 120837 443732
1 32335 255050
1 13281 16279
1 28748 283
1 28751 22527
1 60487 241548
1 255050 303824
1 403374 386286
1 13281 21594
1 59397 31564
1 8687 32871
1 322312 93497
1 92007 133901
1 3329 283
1 283607 107247
1 459811 403918
1 16531 6586
1 57735 38384
1 15703 15690
1 107247 210206
1 1287 133901
1 3329 60197
1 13932 14704
1 2816 2631
1 20107 10736
1 20361 14704
1 28748 86754
1 31037 6588
1 78394 20744
1 255050 351190
1 283920 206599
1 7865 5954
1 3223 196373
1 87188 303592
1 6806 21914
1 6249 44638
1 464760 466668
1 8687 2816
1 112418 210206
1 13932 60197
1 49250 57219
1 14709 14704
1 9408 84823
1 303592 362737
1 59397 124902
1 13325 15690
1 107247 329974
1 87188 491755
1 18341 31564
1 75861 6588
1 112418 322312
1 128580 303824
1 27066 84823
1 88587 124253
1 60197 196373
1 16531 466668
1 255054 394821
1 164772 46301
1 42228 255050
1 74320 4147
1 128580 312623
1 351190 82931
1 303592 92007
1 31037 13173
1 7048 196373
1 2631 1244
1 3329 21914
1 5318 88587
1 308493 31798
1 15251 9103
1 32335 157428
1 438429 285429
1 20744 459812
1 85756 20744
1 6806 46301
1 14218 9408
1 10736 31564
1 85471 333456
1 107225 133901
1 120837 20744
1 14267 86754
1 28751 92007
1 13325 46301
1 7708 20361
1 59397 96768
1 13325 6588
1 21659 7721
1 6277 25218
1 422303 339709
1 9362 32079
1 93497 75850
1 56915 407585
1 126316 255050
1 10433 6588
1 318464 283
1 5318 92007
1 21659 84823
1 14275 31564
1 3329 3338
1 28748 31564
1 126512 87188
1 322312 293489
1 75861 28751
1 49250 28751
1 46303 46325
1 112418 263895
1 60197 92007
1 8134 5954
1 25218 81753
1 8687 164772
1 15690 13173
1 59397 270690
1 134530 20744
1 20361 38384
1 14275 18333
1 232514 466668
1 232514 380407
1 7865 6588
1 7721 28751
1 20058 6588
1 2859 14704
1 119907 88587
1 1266 38384
1 31241 283
1 2816 8740
1 83317 38384
1 112085 303831
1 28751 43048
1 321287 49250
1 188464 206599
1 22527 44638
1 75850 255050
1 82931 303831
1 7865 10736
1 7972 461108
1 303592 278168
1 2816 46341
1 288128 206599
1 303592 126508
1 164772 21914
1 8687 38384
1 56854 126508
1 420720 280075
1 14267 7721
1 283607 484469
1 32335 351190
1 60197 9399
1 20744 46301
1 13932 356326
1 109878 209881
1 9026 38384
1 126510 443732
1 18333 21914
1 25218 13281
1 17186 43048
1 78394 126508
1 321498 38384
1 62468 88587
1 13173 32079
1 60197 8122
1 191450 464760
1 82931 484469
1 31241 196373
1 315468 75850
1 13173 20058
1 9103 21914
1 8496 46341
1 322312 140138
1 17266 133760
1 25804 46301
1 28751 31564
1 9103 13173
1 25224 49250
1 15619 20744
1 1287 38384
1 8751 46341
1 31564 10736
1 267374 311564
1 416973 177664
1 28751 27066
1 75861 84823
1 25748 232566
1 3223 7048
1 8740 20361
1 14267 28751
1 1236 1511
1 13325 75861
1 167203 32335
1 312623 107247
1 13931 46301
1 5318 38384
1 15251 46341
1 218753 33066
1 5318 18333
1 18333 46341
1 228125 82578
1 7865 18333
1 112085 394821
1 16279 196373
1 25224 33761
1 28748 6588
1 13173 13281
1 3223 84823
1 124902 63845
1 10736 38384
1 18341 13173
1 44641 84823
1 167203 322312
1 57360 443732
1 302946 491755
1 107247 163180
1 2802 46301
1 394495 206599
1 16531 9103
1 124902 31564
1 124902 45086
1 29765 140138
1 57735 49250
1 7972 443732
1 1511 21914
1 20361 7048
1 459811 466668
1 157618 8347
1 308493 167203
1 218305 411968
1 2859 4024
1 191450 20744
1 13938 46341
1 111112 196373
1 20361 32296
1 164772 28748
1 20361 32079
1 85759 120837
1 8496 8122
1 112418 29765
1 49755 120837
1 25224 150929
1 88587 27066
1 12626 10736
1 60487 6695
1 4155 4024
1 312623 394821
1 7972 32079
1 84705 330680
1 10787 13173
1 117468 20744
1 13938 196373
1 322313 282865
1 1511 14704
1 32335 167203
1 25748 293489
1 14267 6588
1 2631 2816
1 8740 46341
1 107247 157428
1 255050 303831
1 308584 339709
1 232514 464434
1 8122 60197
1 329974 303831
1 13281 1511
1 89803 4024
1 329974 75850
1 14267 8687
1 31038 31037
1 1287 57219
1 117468 120837
1 15690 33761
1 109878 109789
1 312623 329974
1 13932 283
1 31241 46341
1 49250 283
1 16531 21949
1 13932 32079
1 15690 283
1 5318 21914
1 22527 196373
1 1287 46341
1 8687 86754
1 302002 206599
1 24492 88587
1 14089 46341
1 15674 13281
1 224555 206599
1 191450 82578
1 41656 41497
1 107247 232566
1 186950 339709
1 438429 403918
1 134530 443732
1 78915 107247
1 22527 18333
1 93497 303824
1 8687 21594
1 6277 8738
1 7048 20361
1 1244 25224
1 15703 32079
1 18341 38384
1 3343 6588
1 117468 87188
1 111112 57219
1 206599 282865
1 31564 196373
1 2859 1511
1 1287 14704
1 1511 4024
1 126510 20744
1 9408 18396
1 1244 6588
1 49250 59780
1 13281 13173
1 49250 6588
1 438429 459811
1 18333 88587
1 60197 69924
1 283920 282865
1 2631 20361
1 275832 420640
1 8122 38384
1 31241 14704
1 128580 75850
1 2855 33761
1 57360 20744
1 60197 38384
1 5318 57219
1 166348 82578
1 13281 33761
1 6806 20744
1 213856 46341
1 283920 438429
1 57360 49755
1 85756 443732
1 13938 25224
1 109878 333456
1 206599 308584
1 34693 31564
1 1819 2916
1 6277 46301
1 9408 8347
1 9103 164772
1 315468 394821
1 16531 4162
1 8745 46341
1 351190 107247
1 28751 9408
1 420640 429249
1 329974 29765
1 112418 351190
1 13938 32079
1 4155 4142
1 1236 1244
1 31045 8347
1 329974 315468
1 7972 20744
1 254244 86501
1 46186 46206
1 49755 20744
1 120837 88587
1 21659 133901
1 83317 86501
1 16531 20361
1 39537 31940
1 3338 3329
1 283607 420720
1 16531 33761
1 7048 84823
1 2816 38384
1 218752 46341
1 62468 126508
1 308584 422303
1 21594 6277
1 2859 466668
1 21924 44638
1 2512 14704
1 85759 209881
1 255050 394821
1 9362 38384
1 18333 5954
1 28751 84823
1 49250 75861
1 275832 311564
1 21594 4162
1 319472 177664
1 166348 339709
1 60197 22527
1 1287 466668
1 55045 8347
1 34693 14704
1 27066 46341
1 7972 386286
1 60197 14704
1 28744 28751
1 13938 14709
1 15526 8347
1 28748 16279
1 25218 21949
1 25748 31798
1 49250 55294
1 7866 10736
1 41258 28748
1 60197 43048
1 7972 8347
1 28751 28748
1 41258 133901
1 2631 8687
1 267374 429249
1 5954 14704
1 7708 38384
1 7721 60197
1 49250 90308
1 40413 163180
1 126316 232566
1 5318 283
1 75850 82931
1 2816 4147
1 276891 491755
1 13932 21914
1 1287 3329
1 13173 46341
1 44641 87481
1 3343 6586
1 7708 46301
1 454764 308584
1 112085 75850
1 438438 459812
1 62468 333456
1 13173 75861
1 4162 21594
1 31564 87928
1 128580 112418
1 35173 206599
1 133760 386286
1 16279 60487
1 342744 38384
1 10433 21594
1 491755 403918
1 128852 405662
1 312623 157428
1 13173 31037
1 93497 232566
1 303592 420640
1 28751 1511
1 199932 20744
1 92007 88587
1 112418 107247
1 46488 46301
1 6586 21914
1 302946 459811
1 20097 34693
1 6806 84823
1 16531 2816
1 134530 438429
1 302002 82578
1 8122 283
1 20107 43048
1 167203 394821
1 16531 164772
1 255050 263895
1 3329 133901
1 21927 14704
1 13932 88587
1 57360 126508
1 303592 20744
1 75850 420720
1 15690 21914
1 14267 22527
1 28748 43048
1 8751 38384
1 218305 86754
1 6586 1511
1 13173 28748
1 20063 87481
1 84705 84823
1 14267 14704
1 6710 6693
1 18333 22527
1 1289 6588
1 18422 6588
1 18333 62661
1 28748 18333
1 18341 87481
1 49755 88587
1 255054 329974
1 2631 32079
1 44641 46341
1 1244 8740
1 321287 119867
1 8740 1244
1 93497 322312
1 438438 403918
1 25224 87481
1 228924 107247
1 28748 46301
1 126515 85759
1 128852 486838
1 28748 33761
1 218305 31832
1 57360 120837
1 20063 96768
1 3223 28748
1 3329 38384
1 420640 209881
1 13938 9408
1 18341 50616
1 128852 126508
1 109878 20744
1 7048 14704
1 29765 42228
1 49250 56833
1 133901 75861
1 319472 206599
1 411966 31832
1 25224 6588
1 28751 87188
1 87188 28751
1 119907 333456
1 255050 329974
1 82931 174621
1 267374 88587
1 2859 8740
1 167203 93497
1 308493 112418
1 31564 283
1 133760 17266
1 2631 4162
1 133901 303592
1 87188 133901
1 25748 351190
1 20107 20744
1 206599 283920
1 10433 38384
1 8595 88587
1 163989 228125
1 4142 2916
1 8740 14704
1 28751 86754
1 133901 49755
1 20361 7708
1 278532 55294
1 25748 329974
1 22527 283
1 8687 75861
1 18333 14275
1 139971 6588
1 20744 196373
1 117468 85759
1 7708 8687
1 10736 7048
1 6277 283
1 9408 46341
1 126316 140138
1 8496 28748
1 2816 33761
1 18333 28748
1 109878 267374
1 7972 27066
1 321287 21914
1 82931 303824
1 1287 13173
1 41258 15690
1 302946 438429
1 28748 34693
1 205260 491755
1 75850 312623
1 8740 4147
1 164772 1511
1 15619 46301
1 87188 85759
1 28748 44217
1 2859 21914
1 491755 438438
1 32655 28751
1 92007 278168
1 8595 486031
1 302946 403918
1 167203 303831
1 14267 27066
1 78394 206599
1 312623 351190
1 290817 416973
1 15703 38384
1 42228 107247
1 28748 60197
1 8687 7708
1 134788 433909
1 312623 126316
1 112418 312623
1 123015 6588
1 20058 8347
1 13325 88587
1 329974 232566
1 2816 4162
1 9399 38384
1 8687 14704
1 126508 92007
1 8687 13281
1 7721 38384
1 126515 88587
1 5318 60197
1 21594 38384
1 133901 46341
1 9408 46301
1 107247 82931
1 35173 82578
1 276891 339709
1 20744 459811
1 14709 283
1 9408 56833
1 164772 9103
1 126510 348377
1 411968 31832
1 28744 14704
1 322161 82578
1 315468 107247
1 8687 4024
1 20361 8738
1 82299 86501
1 255050 232566
1 119867 20744
1 2631 164772
1 8832 46341
1 75850 322312
1 75861 22527
1 420640 364686
1 20107 14275
1 28751 283
1 2859 2816
1 3223 20107
1 92007 20744
1 15195 15690
1 16279 1511
1 117468 405662
1 9408 14709
1 31564 46341
1 191450 126508
1 117468 43048
1 6277 2916
1 8751 15690
1 420640 311564
1 186950 285429
1 308493 32335
1 18333 38384
1 60145 92007
1 2855 16279
1 88587 92007
1 13281 25218
1 119907 120837
1 18396 7048
1 166348 282865
1 34697 44638
1 216778 75850
1 57360 86754
1 22527 46341
1 186950 276891
1 13325 84823
1 1287 8738
1 16279 33761
1 25218 16279
1 18333 196373
1 126316 312623
1 112418 293489
1 124902 169123
1 206599 438438
1 438438 491755
1 107247 280075
1 14089 21914
1 15674 46341
1 13932 92007
1 351190 40413
1 126316 329974
1 1236 6588
1 318464 14704
1 10736 14704
1 322312 303824
1 1511 8687
1 167203 157428
1 128852 20744
1 88587 283
1 8751 44641
1 373211 163180
1 25218 8740
1 40413 303824
1 31564 124902
1 60197 46301
1 9408 28751
1 18333 14704
1 312623 167203
1 44641 27066
1 8740 6710
1 31564 28748
1 25748 484469
1 438438 206599
1 290817 177664
1 15703 8122
1 134530 126508
1 18341 46341
1 21594 13281
1 28744 28748
1 22527 133901
1 14267 60197
1 84705 274603
1 20744 126508
1 394495 282865
1 459811 282865
1 44641 3223
1 308493 140138
1 14267 21914
1 126512 85759
1 75850 29765
1 137335 322313
1 20097 18333
1 422303 308584
1 5318 15690
1 312623 315468
1 2859 4147
1 2859 8738
1 31037 46301
1 8740 7708
1 351190 354802
1 18341 283
1 3343 21914
1 53027 196373
1 25748 394821
1 126316 157428
1 16279 46341
1 8745 21914
1 7865 7866
1 28744 84823
1 75850 255054
1 78394 459807
1 93497 167203
1 75861 46341
1 31564 43048
1 82931 112418
1 13938 133901
1 1287 491755
1 199932 443732
1 329974 312623
1 2631 1819
1 8687 1511
1 321533 228125
1 18341 60197
1 186950 228125
1 5954 18333
1 126316 293489
1 6806 196373
1 2859 25224
1 32655 86754
1 92007 283
1 6277 21914
1 8740 6693
1 321287 38384
1 44641 13173
1 13325 21914
1 8687 9103
1 34693 283
1 14089 6586
1 15674 46301
1 8740 8738
1 5954 31564
1 275832 333456
1 14267 8740
1 29765 263895
1 60197 133901
1 78407 38384
1 1511 6586
1 322313 403918
1 60197 56833
1 464760 461108
1 15690 43048
1 206599 177664
1 3223 28751
1 75861 356326
1 420720 354802
1 318464 84823
1 124253 451045
1 21659 20744
1 126316 303831
1 31037 38384
1 459811 438429
1 6277 6588
1 308493 303824
1 13281 6588
1 8740 164772
1 40413 112418
1 13325 49250
1 6277 2631
1 15690 196373
1 1287 28751
1 8740 86917
1 13932 46301
1 109878 124253
1 133901 124253
1 1244 2631
1 134530 120837
1 126508 348377
1 16531 6277
1 131660 87188
1 15195 9103
1 218305 84823
1 28748 7048
1 75861 14704
1 13173 46301
1 49755 267374
1 3365 6588
1 21594 14704
1 9399 44641
1 75861 20744
1 31564 44638
1 25748 167203
1 13173 196373
1 10787 444255
1 2855 7708
1 16531 21914
1 107247 126316
1 25224 206148
1 1511 1819
1 21594 16279
1 128580 394821
1 7721 9399
1 60197 20744
1 82931 31798
1 7972 86754
1 13938 8687
1 9103 6588
1 9362 133901
1 2816 6586
1 6586 8122
1 13932 25218
1 44641 43048
1 2855 20361
1 34697 32296
1 422303 438429
1 438429 459807
1 3337 6277
1 158569 6588
1 6586 14704
1 13932 2816
1 9103 419878
1 25218 46301
1 107247 420720
1 13938 20744
1 9103 20744
1 44641 14704
1 2631 1511
1 128852 85759
1 85759 49755
1 15690 46301
1 6586 8738
1 1236 38384
1 14267 9399
1 76628 49250
1 7972 43048
1 448511 206599
1 133901 43048
1 18341 7721
1 25224 8738
1 18396 3223
1 321287 1912
1 75850 293489
1 329974 107247
1 21924 22527
1 49250 46341
1 15674 38384
1 107247 75850
1 20744 333456
1 276891 438429
1 10787 15690
1 28726 46341
1 109878 49755
1 322161 206599
1 20744 303592
1 448511 322313
1 429249 403374
1 21594 6588
1 82931 107247
1 78394 85759
1 87188 88587
1 75861 86754
1 8740 6586
1 60197 283
1 4162 46341
1 302946 282865
1 28751 49250
1 31564 59397
1 10433 20744
1 3365 3343
1 5954 43048
1 55204 46301
1 14665 464760
1 21927 21914
1 112085 107247
1 5318 14704
1 46502 46301
1 420640 403374
1 7708 6586
1 9399 60197
1 272425 75861
1 16531 6695
1 28748 88587
1 25748 82931
1 303592 333456
1 3223 49250
1 4064 8347
1 31241 32655
1 92007 91879
1 351190 174621
1 26910 163180
1 85471 20744
1 8687 8740
1 44641 56833
1 6586 32871
1 438438 285429
1 87188 20744
1 25218 6588
1 13325 13173
1 20744 92007
1 2859 6588
1 8122 46301
1 29765 303824
1 82931 293489
1 49755 92007
1 25218 8738
1 87188 92007
1 107247 255050
1 32335 75850
1 14267 34693
1 454764 206599
1 78394 322313
1 119907 87188
1 107247 112085
1 20107 18333
1 167203 31798
1 1287 20744
1 10736 20107
1 18333 7048
1 107247 484469
1 133901 18333
1 206599 403918
1 15176 274597
1 315468 31798
1 88587 443732
1 312623 82931
1 8687 13173
1 32655 44638
1 87188 333456
1 84705 274597
1 22527 60197
1 18341 28751
1 111112 69924
1 126515 405662
1 25224 4024
1 2 84823
1 303592 133901
1 5318 87188
1 1244 4162
1 9103 8687
1 6277 14704
1 31038 464207
1 67720 44641
1 13938 22527
1 18333 7866
1 20097 20744
1 13281 7708
1 82931 75850
1 20361 6277
1 107247 6588
1 1287 379232
1 14267 38384
1 13173 164772
1 8134 15690
1 205260 206599
1 303592 443732
1 25218 31940
1 2855 1244
1 10433 21914
1 78915 29765
1 302946 380407
1 13325 87481
1 321287 46301
1 308493 157428
1 87188 126508
1 1287 18333
1 7972 18333
1 27066 38384
1 13932 84823
1 28748 56833
1 18333 53030
1 137335 308584
1 1236 1381
1 21594 21914
1 75850 167203
1 139873 339709
1 302946 438438
1 21924 50616
1 20744 85759
1 255050 140138
1 126316 75850
1 7972 486031
1 85756 85759
1 8687 46301
1 1819 2858
1 18333 44641
1 255050 163180
1 13325 43048
1 164772 13173
1 75861 46301
1 7721 46341
1 22527 43048
1 25218 20361
1 14665 20744
1 18341 14704
1 13938 49250
1 8347 15526
1 29765 329974
1 308493 303831
1 6586 14089
1 126512 405662
1 315468 293489
1 7708 21594
1 13938 44638
1 164772 4024
1 394495 491755
1 25748 312623
1 16279 32296
1 459811 339709
1 60197 86754
1 49250 84823
1 78394 82578
1 22527 27066
1 13938 46301
1 13281 32079
1 18396 38384
1 13938 14704
1 126508 20744
1 109878 303592
1 41258 386286
1 15526 6588
1 18341 44638
1 131660 88587
1 49755 491755
1 13173 2631
1 15690 84823
1 134530 82578
1 9408 486031
1 275832 133901
1 13173 8687
1 1511 2858
1 7048 18333
1 280075 25748
1 42228 25748
1 49250 356326
1 62468 464760
1 18396 28751
1 9399 18333
1 438429 459812
1 16531 25218
1 7865 18396
1 6710 1819
1 351190 303831
1 126316 210206
1 88587 49755
1 49755 429249
1 13932 133901
1 126508 333456
1 46186 21914
1 75850 303831
1 112418 315468
1 419115 38384
1 20361 4024
1 206599 296568
1 18396 84823
1 411966 411968
1 117468 88587
1 2859 8687
1 6586 196373
1 315468 140138
1 34693 28751
1 298016 206599
1 28751 31241
1 2631 21914
1 8595 8122
1 459811 459807
1 6277 21594
1 16531 8687
1 112418 255054
1 7972 451045
1 8740 16279
1 85759 333456
1 14089 32296
1 49250 43048
1 31564 14709
1 9103 75861
1 16279 21914
1 28751 18333
1 34693 84823
1 8745 38384
1 28748 164772
1 34693 20097
1 88587 267374
1 9408 17188
1 92007 120837
1 28748 133901
1 302946 451045
1 9399 9408
1 28748 14704
1 32335 40413
1 288128 339709
1 42228 394821
1 28744 486089
1 228924 31798
1 21594 25218
1 14267 56833
1 18341 21594
1 75850 167212
1 5318 28751
1 6586 3343
1 13325 164772
1 15690 88587
1 3338 38384
1 411968 221312
1 329974 126316
1 128852 348377
1 18333 31564
1 1511 6277
1 112418 394821
1 16279 86754
1 25804 25218
1 49755 133901
1 112418 75850
1 128852 333456
1 92007 57360
1 438429 206599
1 303592 486031
1 21659 60197
1 25224 13173
1 34693 9408
1 7865 46341
1 25748 157428
1 448511 285429
1 117511 38384
1 13325 46341
1 124253 444255
1 5318 3329
1 25687 444255
1 13931 13173
1 2855 25224
1 8740 3343
1 14267 31564
1 32335 293489
1 41258 28751
1 14267 46341
1 2859 16279
1 8496 8687
1 1511 8740
1 16279 20361
1 28751 75861
1 71750 163180
1 6277 4024
1 8751 9103
1 14709 43048
1 44641 87928
1 32655 43048
1 438438 459811
1 49755 87188
1 27066 6588
1 14089 46301
1 172594 321498
1 206599 443732
1 5318 46341
1 28751 87928
1 322313 339709
1 21032 38384
1 20744 49755
1 322312 394821
1 4162 2512
1 2816 6588
1 8595 283
1 84705 268849
1 29765 32335
1 9399 28751
1 75850 31798
1 9408 133901
1 429249 420640
1 60487 2631
1 7972 6588
1 25224 44638
1 84705 406500
1 16279 38384
1 41258 196373
1 351190 29765
1 44641 18333
1 75861 8687
1 491755 459807
1 14267 133901
1 87188 120837
1 92007 303592
1 1819 2631
1 18341 28748
1 31037 46341
1 167203 303824
1 2855 1381
1 14665 119867
1 57360 333456
1 88587 20744
1 14665 38384
1 28751 46341
1 296568 177664
1 283920 285429
1 206599 339709
1 10787 31037
1 111112 49250
1 78394 92007
1 2858 32871
1 8347 4024
1 2816 25224
1 167203 255050
1 15195 466668
1 5318 28748
1 3223 10736
1 3338 14704
1 7721 7048
1 44641 44638
1 8832 67800
1 8496 6588
1 14709 9408
1 1511 196373
1 9362 31241
1 322312 167203
1 75861 32079
1 92007 6588
1 267374 250620
1 164772 32296
1 21924 86754
1 3365 1511
1 429249 386286
1 308584 282865
1 82931 354802
1 78394 443732
1 28751 18396
1 2631 3343
1 228924 75850
1 255050 31798
1 13173 8122
1 25218 46341
1 112418 163180
1 308493 167212
1 134530 87188
1 134530 282865
1 25218 32296
1 85471 126508
1 133901 429249
1 133901 28751
1 15690 126508
1 75850 42228
1 59397 45086
1 47739 46341
1 42228 303824
1 416973 296568
1 296568 206599
1 31038 8347
1 18396 9408
1 20361 14089
1 133901 364686
1 322313 283920
1 109878 133901
1 41656 43048
1 119907 85759
1 315468 112418
1 2631 6588
1 18341 84823
1 429249 333456
1 7972 1289
1 75850 394821
1 8122 6586
1 133901 9408
1 167203 232566
1 2859 4162
1 275832 364686
1 49755 303592
1 8595 133901
1 13325 32079
1 75850 351190
1 112418 303824
1 6806 38384
1 276891 308584
1 7048 7721
1 20107 283
1 16531 1511
1 296568 330307
1 9103 466668
1 31564 84823
1 85471 87188
1 134530 491755
1 255054 315468
1 1511 8738
1 21032 31564
1 13173 9103
1 1511 10736
1 403374 133901
1 134530 85759
1 13931 56833
1 228924 157428
1 255050 112418
1 255050 315468
1 351190 322312
1 4162 21914
1 13325 21949
1 49250 15690
1 49250 161851
1 9361 8738
1 2855 46341
1 25224 21594
1 15195 38384
1 112085 354802
1 278532 250162
1 13173 133901
1 7972 87481
1 4155 6277
1 8740 31940
1 92013 92007
1 14267 31241
1 21924 44641
1 14089 38384
1 330307 177664
1 2855 21949
1 351190 210206
1 255050 112085
1 17188 9408
1 16531 8738
1 18333 20107
1 123015 20058
1 7972 88587
1 126508 120837
1 84278 38384
1 8740 21949
1 88587 303592
1 459811 285429
1 18341 20744
1 18333 6588
1 88587 87188
1 315468 25748
1 5318 6588
1 20107 31564
1 93497 293489
1 88587 85759
1 13938 6277
1 20744 13173
1 28751 53027
1 8745 8738
1 276891 285429
1 112418 484469
1 20361 6588
1 7721 283
1 18396 20097
1 7708 6277
1 9399 283
1 75850 315468
1 20107 14704
1 329974 40413
1 255050 107247
1 315468 312623
1 20744 119867
1 28744 31564
1 25748 93497
1 14665 88587
1 25748 42228
1 16279 8740
1 20063 56833
1 92007 28751
1 84705 406546
1 75850 157428
1 2631 38384
1 429249 364686
1 308493 322312
1 78394 87188
1 59397 63845
1 255050 32335
1 2816 4024
1 2859 21594
1 1511 43048
1 27066 86754
1 272425 49250
1 21659 46341
1 411966 221312
1 373211 420720
1 41258 126508
1 4162 8740
1 31564 21032
1 21594 32079
1 2816 6277
1 1287 60197
1 126515 20744
1 6586 25224
1 75850 32335
1 25224 86754
1 186950 491755
1 351190 167203
1 49250 196373
1 133901 28748
1 351190 93497
1 459811 443732
1 92007 333456
1 87188 57360
1 20361 21949
1 8496 88587
1 330307 250384
1 14267 13173
1 21933 75861
1 13281 46341
1 31564 9408
1 128580 107247
1 56915 14704
1 124253 303592
1 315468 255054
1 218305 221312
1 438438 438429
1 25748 29765
1 20744 38384
1 56915 464434
1 6586 46301
1 112085 163180
1 28748 20744
1 8751 46301
1 322312 107247
1 8595 46341
1 92007 209881
1 18341 86754
1 101219 86754
1 21594 8687
1 107247 303824
1 131660 126508
1 18333 44634
1 10736 3223
1 403374 311564
1 31241 86754
1 5954 38384
1 329974 25748
1 312623 112418
1 75861 13173
1 14089 20361
1 21594 150929
1 4162 20361
1 5318 333456
1 13173 84823
1 46488 46341
1 40413 167212
1 18341 44641
1 167203 126316
1 128580 31798
1 27066 22527
1 15703 9103
1 18333 3223
1 27066 133901
1 92007 87188
1 124902 59397
1 25748 354802
1 13281 8740
1 13281 8687
1 107247 293489
1 25224 43048
1 28748 21914
1 283920 380407
1 92007 348377
1 351190 112418
1 9103 46301
1 133760 92007
1 16531 8740
1 9103 196373
1 351190 263895
1 255050 312623
1 22527 28751
1 57360 87188
1 255054 312623
1 9408 75861
1 2816 1511
1 22527 88587
1 2631 7708
1 351190 312623
1 1287 8347
1 15690 13281
1 28751 44638
1 351190 75850
1 10433 13173
1 107247 255054
1 390872 206599
1 67720 84823
1 2802 46341
1 21924 43048
1 283607 25748
1 351190 137852
1 20361 46341
1 7721 14704
1 8687 2631
1 107247 322312
1 133901 86754
1 5318 443732
1 322312 232566
1 25748 322312
1 25224 84823
1 6277 4155
1 82299 149992
1 329974 255050
1 120837 333456
1 29765 394821
1 42228 293489
1 9408 43048
1 330307 206599
1 57735 86754
1 4162 38384
1 7708 8740
1 8134 46341
1 32655 74284
1 403374 420640
1 1511 21594
1 32335 31798
1 6586 43048
1 107247 354802
1 21594 4024
1 18333 18396
1 139873 380407
1 120837 126508
1 49250 64556
1 44641 28748
1 126512 20744
1 25224 14704
1 126512 120837
1 255050 293489
1 4162 46301
1 42228 29765
1 8740 18333
1 24492 84823
1 10736 7866
1 7048 18396
1 15690 20744
1 14665 27066
1 322312 75850
1 14267 9408
1 2816 1244
1 25748 303824
1 5318 119867
1 112085 293489
1 49250 28748
1 3343 14704
1 491755 339709
1 448511 443732
1 18341 75861
1 133901 88587
1 186950 163989
1 186950 438438
1 25224 444255
1 15690 46341
1 15690 49250
1 411968 218305
1 117468 126508
1 32335 167212
1 167203 351190
1 119907 20744
1 167203 137852
1 3223 9408
1 117468 443732
1 164772 13281
1 9362 46341
1 255050 255054
1 31037 6277
1 84705 406514
1 87188 49755
1 75850 112085
1 8122 13173
1 1912 20744
1 329974 112085
1 9362 13173
1 8347 38384
1 44641 31564
1 429249 311564
1 15674 6588
1 267374 420640
1 8740 196373
1 13931 28748
1 14267 3223
1 1287 206599
1 133901 403374
1 13938 13173
1 191450 461108
1 9362 60197
1 167203 329974
1 218747 86501
1 107247 140138
1 25218 6277
1 218747 218757
1 24492 46341
1 218305 154770
1 123015 25748
1 109878 429249
1 13931 88587
1 9361 20744
1 31564 3223
1 18341 8740
1 92007 49250
1 34693 88587
1 13325 196373
1 15690 14704
1 272425 43048
1 107247 167203
1 6806 6588
1 267374 209881
1 5954 7866
1 2855 4162
1 20361 3343
1 29765 293489
1 18396 56833
1 14267 44638
1 34693 56833
1 93497 303831
1 82299 46341
1 112418 354802
1 18341 164772
1 3337 6588
1 28748 9103
1 179714 133901
1 20361 16279
1 13325 8122
1 228924 293489
1 13932 6588
1 427957 484469
1 8687 6588
1 84705 86754
1 128852 433909
1 172594 38384
1 8687 6586
1 112418 137852
1 4162 1244
1 288128 380407
1 15619 60197
1 22527 14704
1 25218 466668
1 28744 44638
1 167203 167212
1 8740 4162
1 88587 322313
1 126316 167203
1 88587 209881
1 167203 107247
1 29765 112418
1 8122 20744
1 18396 44638
1 7708 8347
1 10433 25224
1 2631 13281
1 15674 14704
1 163989 206599
1 82011 46341
1 44641 9399
1 5954 46341
1 13281 8347
1 60197 44638
1 20058 25748
1 20744 14704
1 107225 283
1 49755 124253
1 329974 255054
1 13938 86754
1 13932 3329
1 10736 1511
1 1511 33761
1 31045 31037
1 321287 126508
1 8740 4024
1 15703 133901
1 7972 209881
1 25218 7708
1 255050 167203
1 2631 60487
1 75861 49250
1 14267 32296
1 31241 84823
1 92007 443732
1 7865 28751
1 49250 87928
1 49755 322313
1 438438 459807
1 278532 49250
1 164772 21594
1 186950 459811
1 318464 38384
1 283920 322313
1 21594 25224
1 302002 283920
1 322161 491755
1 6710 293429
1 2855 2802
1 275832 386286
1 15690 6588
1 7972 486838
1 308584 491755
1 255050 75850
1 14267 46301
1 40413 31798
1 20107 44638
1 224555 443732
1 41656 49250
1 18333 7721
1 107247 351190
1 13931 20744
1 179714 88587
1 164772 8738
1 44641 38384
1 83317 149992
1 75861 283
1 18341 92007
1 14267 43048
1 6710 86917
1 9362 20744
1 2631 20058
1 18333 87928
1 93497 140138
1 438438 339709
1 167203 293489
1 13938 9399
1 7708 25218
1 89803 6588
1 5318 6586
1 308493 255050
1 416973 206599
1 13938 18333
1 25224 16279
1 464760 380407
1 6277 20361
1 302946 459807
1 69768 88587
1 9362 8122
1 49250 38384
1 62468 87188
1 255054 255050
1 88587 126508
1 131660 85759
1 15690 8122
1 25748 303831
1 13938 88587
1 3223 283
1 275832 429249
1 322312 255050
1 255050 128580
1 10736 44638
1 20744 133901
1 186950 82578
1 2631 8740
1 82931 351190
1 22527 86754
1 1511 28751
1 8740 21914
1 85759 459811
1 13173 283
1 8122 46341
1 13281 38384
1 13281 25224
1 14709 46341
1 78394 120837
1 10433 21927
1 31045 31038
1 17266 92007
1 133901 20744
1 28751 20107
1 288128 438429
1 18341 133901
1 25224 4162
1 49250 60197
1 40413 329974
1 82011 32871
1 21594 13173
1 330307 296568
1 3338 283
1 22527 84823
1 20744 49250
1 18341 9399
1 342744 321498
1 290817 319472
1 28751 126508
1 28751 56833
1 16279 28748
1 18341 56833
1 13938 283
1 302946 276891
1 18341 9408
1 330307 416973
1 459811 491755
1 329974 157428
1 29765 25748
1 21594 7708
1 13325 8738
1 126316 112418
1 9408 49250
1 322312 351190
1 9103 84823
1 224555 491755
1 107247 228924
1 92007 491755
1 18341 3223
1 14267 14709
1 41258 20744
1 7721 34693
1 109878 403374
1 107247 25748
1 166348 491755
1 75850 303824
1 18333 84823
1 82931 25748
1 13931 8122
1 83317 254244
1 92007 38384
1 1511 16279
1 6277 7708
1 31564 44641
1 20063 20744
1 319472 290817
1 15176 406514
1 31564 5954
1 420640 133901
1 2855 13281
1 15690 4024
1 112418 25748
1 2855 6277
1 112418 40413
1 6586 1244
1 228924 329974
1 31038 31045
1 20361 8740
1 17266 91879
1 14267 20107
1 60197 57219
1 18341 88587
1 107247 42228
1 8687 21914
1 56915 87188
1 91845 14704
1 6806 46341
1 4142 293429
1 199932 120837
1 28748 44638
1 14709 31564
1 10787 213856
1 303592 403374
1 420720 75850
1 403374 209881
1 60197 28748
1 31564 14704
1 13281 8738
1 8496 38384
1 5318 3338
1 3223 56833
1 255054 140138
1 9103 86754
1 15176 86754
1 420720 42228
1 41258 6588
1 8751 84823
1 21659 9408
1 49250 46301
1 123015 163180
1 5954 21949
1 75850 329974
1 438438 448511
1 39537 38384
1 25224 46301
1 117468 133901
1 46488 38384
1 13932 28748
1 8740 6588
1 10787 386286
1 126512 333456
1 20361 21914
1 14267 18333
1 60197 49250
1 255050 25748
1 16531 196373
1 8740 293429
1 92007 60197
1 255050 157428
1 25224 8740
1 134530 459807
1 351190 394821
1 213856 6588
1 1244 1511
1 8740 6277
1 218747 22306
1 20097 20107
1 15195 20744
1 6586 38384
1 34693 86754
1 2512 2816
1 42228 420720
1 322312 112418
1 28751 7721
1 8740 2816
1 312623 75850
1 25224 46341
1 14267 4024
1 18341 46301
1 29765 255050
1 120837 57360
1 139873 348377
1 22527 75861
1 131660 464434
1 322313 438438
1 28748 49250
1 7708 46341
1 133760 91879
1 459811 459812
1 7972 38384
1 25748 255050
1 283607 293489
1 75861 28748
1 60197 64556
1 56915 333456
1 112418 6588
1 9399 46341
1 2631 6277
1 85759 126508
1 420720 373211
1 303592 88587
1 1244 6586
1 78915 42228
1 49755 333456
1 290817 296568
1 128531 206599
1 2859 25218
1 329974 163180
1 1287 228125
1 8122 14704
1 126508 87188
1 8687 16279
1 14267 28748
1 3223 44641
1 119907 133901
1 7972 15690
1 49250 9408
1 44641 28751
1 315468 329974
1 302946 339709
1 8347 46341
1 10736 86754
1 7972 338951
1 18333 86754
1 21594 451045
1 28748 9399
1 2816 46301
1 15674 4024
1 4162 25224
1 16279 8738
1 321287 46341
1 438429 443732
1 329974 394821
1 66036 44634
1 25417 6588
1 25218 21914
1 18396 86754
1 18341 18333
1 163989 433909
1 10787 6588
1 60487 20361
1 32335 394821
1 20744 88587
1 5318 196373
1 27066 28751
1 41656 356326
1 27066 43048
1 329974 32335
1 438429 339709
1 75861 25224
1 6586 81555
1 7972 49250
1 186950 459807
1 29765 107247
1 7972 31564
1 137335 206599
1 13173 38384
1 1511 2631
1 13931 60197
1 6249 18333
1 41258 60197
1 6586 16279
1 20744 87188
1 126515 120837
1 6277 8687
1 25224 32296
1 32335 112418
1 1287 380407
1 1287 276891
1 429249 267374
1 126316 107247
1 62468 85759
1 18333 43048
1 56854 20744
1 10787 6277
1 126515 303592
1 16279 2816
1 322313 250620
1 15703 43048
1 82578 438429
1 21659 38384
1 7972 28751
1 126508 443732
1 3899 13173
1 1244 2816
1 420720 293489
1 18333 46301
1 9408 86754
1 44641 49250
1 93497 107247
1 13938 2631
1 46320 46301
1 13938 60197
1 21927 16279
1 107247 469789
1 416973 290817
1 31564 7721
1 2855 38384
1 7708 6588
1 88587 28751
1 1511 2816
1 351190 157428
1 280075 107247
1 1244 38384
1 46303 46301
1 75850 126316
1 14275 20107
1 31241 28751
1 9408 14218
1 32655 53030
1 112418 31798
1 82578 491755
1 28748 18396
1 15619 38384
1 88587 250620
1 319472 296568
1 411966 218305
1 351190 232566
1 8347 46301
1 7865 7048
1 13325 38384
1 25687 133901
1 75850 128580
1 329974 167203
1 124253 88587
1 126316 167212
1 283920 448511
1 133901 14704
1 40413 255050
1 8347 25748
1 1236 20361
1 14089 33761
1 14089 21949
1 302946 206599
1 49250 86754
1 3223 18333
1 49250 250162
1 124253 87188
1 13938 28748
1 13938 164772
1 25748 6588
1 133901 311564
1 49755 46341
1 16531 25224
1 2859 31037
1 13932 49250
1 167203 140138
1 27066 14704
1 20744 46341
1 9408 196373
1 87188 257012
1 5318 20744
1 18396 20107
1 31564 14275
1 13325 4024
1 10787 20744
1 18333 28751
1 9408 9399
1 6586 6277
1 31564 18333
1 28751 3223
1 16531 46301
1 296568 250384
1 131660 333456
1 75861 196373
1 13938 8738
1 3329 14704
1 89585 46301
1 6586 6588
1 78394 333456
1 25748 20058
1 420720 112085
1 16279 46301
1 107247 167212
1 283920 339709
1 3223 22527
1 420640 303592
1 1287 1912
1 2855 1511
1 22527 56833
1 329974 167212
1 2859 46301
1 15690 38384
1 31564 86754
1 6710 8740
1 20107 3223
1 119907 420640
1 13325 33761
1 126508 303592
1 15703 75861
1 13932 38384
1 107247 394821
1 8740 46301
1 126508 85759
1 25224 196373
1 21659 43048
1 62468 443732
1 89803 20058
1 22527 20744
1 16531 4024
1 14267 283
1 22527 6588
1 112085 420720
1 1287 3338
1 228924 394821
1 3223 46341
1 18396 18333
1 117468 209881
1 107247 137852
1 40413 75850
1 15195 88587
1 107247 31798
1 28748 10736
1 75861 43048
1 2802 6588
1 31241 43048
1 351190 31798
1 107225 20744
1 27066 44641
1 31564 38384
1 112418 303831
1 85759 88587
1 46488 21914
1 28751 32655
1 422303 206599
1 13932 33761
1 85756 126508
1 82011 38384
1 25748 140138
1 13931 8740
1 2855 32296
1 112418 255050
1 351190 25748
1 9362 86754
1 28748 46341
1 186950 443732
1 53027 28751
1 403374 429249
1 21032 84823
1 20107 18396
1 107247 8347
1 9408 283
1 7708 2631
1 5954 7048
1 191450 257012
1 24492 20744
1 1287 126508
1 2859 7708
1 7972 464760
1 459811 20744
1 60197 386286
1 13932 86754
1 13932 9103
1 179714 464760
1 14267 18396
1 13173 6277
1 117468 333456
1 44641 196373
1 4142 4155
1 18333 10736
1 290817 206599
1 16531 88587
1 56915 126508
1 24532 15690
1 31037 20058
1 1287 119867
1 420720 25748
1 18341 22527
1 166348 206599
1 8122 6588
1 13173 15690
1 44641 407585
1 7708 4024
1 32335 263895
1 2816 16279
1 82834 163180
1 12626 7048
1 1244 46341
1 28751 87481
1 2855 133901
1 255054 112418
1 74320 46341
1 322312 25748
1 20744 84823
1 59397 56833
1 60197 46341
1 163989 491755
1 128580 293489
1 126515 348377
1 2631 8738
1 6586 20361
1 3343 20361
1 351190 32335
1 164772 46341
1 32335 29765
1 491755 282865
2 123256 49250
2 408815 250162
2 84823 53030
2 270690 31832
2 43048 123256
2 196373 49250
2 149992 164146
2 41497 55553
2 53030 87481
2 31940 21949
2 86917 1413
2 86754 169123
2 86917 228119
2 64813 6588
2 41104 55294
2 6588 6586
2 59809 250162
2 43048 69924
2 54756 54746
2 87928 154770
2 90650 32871
2 116996 99485
2 95994 84823
2 32871 33210
2 59780 55294
2 6695 60487
2 486089 451045
2 56833 44638
2 86754 218305
2 56833 96768
2 59780 278885
2 84823 91004
2 87481 86754
2 55294 41497
2 87481 31832
2 69924 408815
2 293489 75850
2 138712 86754
2 32871 22306
2 196373 59780
2 90308 57219
2 59809 49250
2 32871 38384
2 11402 8738
2 64556 59780
2 64556 408815
2 225383 49250
2 86501 46341
2 46341 47824
2 140138 394821
2 57219 59780
2 86754 87928
2 84823 56833
2 6588 46206
2 32871 149992
2 32079 33063
2 116996 91879
2 75311 55553
2 24473 47173
2 33210 46341
2 38384 21914
2 55294 123256
2 64556 90308
2 293489 303824
2 99485 88587
2 406514 406500
2 218763 47824
2 161851 355892
2 87928 56833
2 32296 25218
2 42235 75311
2 196373 47173
2 86917 293429
2 51811 46301
2 96768 84823
2 49250 41656
2 196373 55553
2 98563 87928
2 255953 299828
2 169123 98579
2 123256 69924
2 14704 64556
2 86754 31832
2 14801 6588
2 55294 408815
2 486089 386286
2 87481 209881
2 293429 8738
2 33063 22306
2 69924 41497
2 41146 57219
2 49250 47173
2 55294 278885
2 154777 87928
2 49250 80539
2 49250 196373
2 86754 356326
2 45086 270690
2 53030 56833
2 59809 196373
2 91879 99485
2 87928 396196
2 293429 6695
2 49250 59809
2 293489 31798
2 31832 87481
2 69924 41146
2 46206 38025
2 8738 6695
2 293429 54756
2 41104 75861
2 59809 90308
2 196373 111112
2 95183 84823
2 123256 64556
2 98489 196373
2 46206 31940
2 54746 6588
2 90308 64556
2 47824 46341
2 303824 312623
2 218763 46341
2 196373 43048
2 293489 312623
2 56833 87928
2 64813 228119
2 32871 47824
2 54220 55294
2 444255 451045
2 270690 45086
2 91879 116996
2 443732 459812
2 196373 55294
2 250162 59809
2 86917 81555
2 98489 47173
2 278885 55294
2 49250 157023
2 1413 54756
2 6588 6710
2 41104 278885
2 22306 21914
2 4147 4142
2 270690 96768
2 154771 124960
2 86917 38384
2 149992 21914
2 69924 43048
2 50616 18333
2 22306 33210
2 56833 63845
2 278885 41146
2 98563 86754
2 86917 16279
2 55294 196373
2 283 14704
2 46301 46325
2 88131 50616
2 86754 53030
2 154777 31832
2 31798 322312
2 54756 6701
2 53030 45086
2 46206 32871
2 244935 8740
2 59780 47173
2 46206 164146
2 54740 25224
2 81555 86917
2 44638 45086
2 38025 21914
2 32079 31940
2 44638 84823
2 56833 55553
2 379232 464434
2 40931 46341
2 33761 33210
2 41146 49250
2 33066 22306
2 81555 6588
2 333456 362737
2 255953 60197
2 21949 32871
2 4024 4155
2 56833 44634
2 31940 32871
2 164146 22306
2 209881 87481
2 98579 169123
2 32079 33761
2 53030 50616
2 41497 111112
2 255953 283
2 38384 164146
2 38384 22306
2 41497 47173
2 59780 64556
2 41146 123256
2 47626 46341
2 59780 41146
2 55294 69924
2 38025 46206
2 47173 55553
2 42235 218763
2 169123 396196
2 56833 84823
2 299828 255953
2 32296 33066
2 87928 87481
2 81753 25218
2 153367 196373
2 56833 53030
2 154770 169123
2 41146 250162
2 86754 138712
2 86501 164146
2 226313 154771
2 38384 218747
2 84823 124960
2 62661 50616
2 69924 278885
2 44634 53030
2 250162 408815
2 167212 126316
2 55553 80539
2 53030 86754
2 33210 38384
2 33210 33761
2 49250 57219
2 44638 87928
2 49250 64556
2 163180 124830
2 55294 43048
2 54746 8738
2 6588 38384
2 38384 46341
2 6588 8738
2 54226 55294
2 443732 459807
2 86501 33210
2 38384 86501
2 169123 154770
2 163180 123015
2 46206 46341
2 75311 47173
2 57219 49250
2 46341 149992
2 38384 218757
2 4024 4142
2 6695 86917
2 56833 53815
2 486031 444255
2 86754 154770
2 6588 6701
2 86917 8740
2 218749 33066
2 87481 87928
2 96768 87481
2 154777 86754
2 54756 11402
2 54756 8738
2 87481 53030
2 46206 218747
2 41146 196373
2 44634 44638
2 101226 86754
2 32871 46341
2 46301 46303
2 86917 8738
2 56833 222743
2 36731 38384
2 46341 32871
2 128654 84823
2 56833 86754
2 54746 54756
2 4024 4147
2 56833 45086
2 6695 241548
2 6693 86917
2 87928 169123
2 6695 54756
2 64556 123256
2 81753 32871
2 86917 54746
2 54756 86917
2 98489 24473
2 46206 6588
2 33210 86501
2 20652 24473
2 46341 33210
2 164146 47824
2 32871 21914
2 47824 164146
2 38384 218754
2 117668 169123
2 8738 38384
2 196373 59809
2 57219 41497
2 218749 42235
2 4147 2816
2 448421 464434
2 42235 55553
2 38384 8738
2 123256 41146
2 84823 31832
2 49250 41146
2 459807 443732
2 451045 386286
2 2916 2631
2 53030 96768
2 22306 32871
2 6588 54756
2 241548 21949
2 64556 69924
2 46206 86501
2 49250 55553
2 153367 49250
2 63845 50616
2 46206 254244
2 49250 408815
2 69726 44641
2 221312 84823
2 2916 4024
2 50616 63845
2 22306 86501
2 278885 250162
2 80539 55553
2 32871 31940
2 154770 87928
2 81555 293429
2 6693 6588
2 41497 59780
2 56833 124908
2 250162 41146
2 283 255953
2 86754 98579
2 69924 59809
2 57219 90308
2 228119 38384
2 394821 140138
2 2916 4142
2 408815 49250
2 102399 86754
2 149992 46341
2 38384 355892
2 88131 56833
2 196373 41497
2 268849 406546
2 221312 31832
2 24473 80539
2 2916 4147
2 149992 38025
2 44638 53030
2 33210 46206
2 47824 218763
2 90308 55294
2 157428 140138
2 6695 81555
2 84823 196373
2 46341 22349
2 86917 2631
2 196373 78146
2 285429 403918
2 303831 394821
2 96768 270690
2 59809 55294
2 1413 86917
2 54756 6588
2 49250 123256
2 124960 84823
2 31832 84823
2 196373 408815
2 49250 55294
2 274603 268849
2 33066 32871
2 33063 32079
2 8738 86917
2 6588 6693
2 84823 221312
2 408815 90308
2 14704 55294
2 46206 149992
2 218757 22306
2 6695 8740
2 153367 55294
2 96768 53030
2 47824 90650
2 99485 116996
2 278885 49250
2 46341 355892
2 32079 218749
2 69924 123256
2 444255 486089
2 56833 59397
2 293489 303831
2 81753 32296
2 354802 484469
2 55294 41146
2 167212 167203
2 274603 406546
2 22306 33063
2 6695 2858
2 293489 394821
2 11628 293429
2 41146 408815
2 46341 38384
2 2916 6277
2 20652 98489
2 138712 169123
2 33761 32079
2 53030 270690
2 49250 41497
2 50616 124908
2 59780 57219
2 96768 44638
2 303824 303831
2 33066 38384
2 38025 46186
2 303831 303824
2 38384 32871
2 163180 124835
2 59780 41497
2 98563 98579
2 53030 63845
2 11628 6588
2 54756 1413
2 44638 96768
2 44638 44634
2 210206 137852
2 86501 21914
2 50616 45086
2 47173 46341
2 408815 64556
2 293489 107247
2 81555 54756
2 44634 87481
2 4024 6588
2 32871 46206
2 69924 250162
2 167212 394821
2 86754 96768
2 6693 6695
2 164146 46206
2 149992 32871
2 31832 154777
2 50616 124902
2 50616 62661
2 270690 63845
2 62661 18333
2 169123 87928
2 33066 218749
2 218763 42235
2 254230 15690
2 380407 466668
2 44634 84823
2 41497 250162
2 169123 86754
2 41146 278885
2 32871 33063
2 96768 87928
2 42235 46341
2 282865 285429
2 86754 84823
2 84823 96768
2 250162 43048
2 54756 81555
2 50616 88131
2 46341 218753
2 46341 21914
2 46206 33210
2 75311 42235
2 55294 49250
2 6693 81555
2 31832 270690
2 54220 69924
2 196373 69924
2 96768 86754
2 49250 59780
2 123256 59780
2 86501 254244
2 124960 87481
2 117668 86754
2 87481 124960
2 33063 32871
2 86501 32871
2 31940 46206
2 86501 46206
2 47102 44641
2 196373 64556
2 149992 86501
2 6588 14633
2 22306 46206
2 193460 18333
2 54756 6695
2 55294 98489
2 6588 7708
2 20652 49250
2 84823 226313
2 6588 81555
2 394821 293489
2 59780 408815
2 41146 59780
2 228119 86917
2 55553 42235
2 57219 55294
2 278885 64556
2 6693 8740
2 87928 154777
2 11402 81555
2 8738 6588
2 157023 49250
2 64556 55294
2 268849 274603
2 4024 38384
2 45086 56833
2 90650 46341
2 394821 167212
2 196373 57219
2 296139 206599
2 62661 45086
2 123256 55294
2 164146 149992
2 59780 49250
2 386286 486089
2 81753 241548
2 81555 6586
2 46341 46488
2 169123 138712
2 98579 154770
2 21949 31940
2 31798 293489
2 84823 75861
2 87928 218305
2 62661 88131
2 86501 149992
2 154770 86754
2 406500 406514
2 124960 221312
2 218749 46341
2 45086 169123
2 86917 6695
2 218754 22306
2 86754 101219
2 193460 50616
2 4147 4024
2 22306 33066
2 87928 138712
2 123256 196373
2 53030 84823
2 84823 44638
2 33066 46341
2 6701 6588
2 241548 81753
2 44638 56833
2 49250 75861
2 38384 149992
2 250162 90308
2 164146 33066
2 90308 69924
2 45086 44638
2 154770 45086
2 49250 69924
2 43048 55294
2 95180 84823
2 62661 411968
2 14704 283
2 55294 59780
2 47824 82299
2 31940 38384
2 46380 49250
2 33066 164146
2 11402 6588
2 154771 84823
2 22306 38025
2 137852 210206
2 32871 32079
2 4147 6277
2 38384 33210
2 218749 32079
2 196373 41146
2 32871 33761
2 33066 42235
2 46341 218749
2 99485 91879
2 8738 81555
2 49250 90308
2 169123 59397
2 11628 54756
2 46206 22306
2 38384 46206
2 362737 278168
2 32871 21949
2 63845 124908
2 32079 32871
2 69924 90308
2 43048 250162
2 31832 221312
2 2916 4155
2 81555 8738
2 299828 60197
2 84823 32655
2 21949 241548
2 6588 86501
2 87481 84823
2 46341 82299
2 55294 64556
2 45086 50616
2 55294 59809
2 140138 157428
2 157428 322312
2 63845 53030
2 278168 362737
2 86501 22306
2 270690 53030
2 88131 62661
2 394821 107247
2 303824 112418
2 31832 87928
2 403918 386286
2 41497 196373
2 164146 38384
2 98579 87928
2 38384 33066
2 55553 75311
2 20652 196373
2 408815 59780
2 356326 86754
2 311564 386286
2 96768 56833
2 282865 339709
2 69924 57219
2 54756 6710
2 55553 96816
2 87928 84823
2 38025 38384
2 41104 250162
2 91004 84823
2 49250 225383
2 406546 268849
2 69924 49250
2 8738 54746
2 38384 6588
2 20652 57219
2 54226 69924
2 90308 278532
2 408815 41146
2 87928 86754
2 6701 6693
2 64556 49250
2 98579 86754
2 90308 59809
2 6695 8738
2 87481 44634
2 53030 44634
2 54740 206148
2 4147 2916
2 206148 25224
2 459812 459807
2 86917 6693
2 241548 54756
2 47173 42235
2 84823 49250
2 303831 293489
2 84823 87928
2 87481 221312
2 59780 69924
2 6588 1413
2 6701 54756
2 54746 86917
2 46341 90650
2 81555 6693
2 218757 46206
2 196373 98489
2 20652 55294
2 58209 46301
2 33210 22306
2 293489 112418
2 394821 303831
2 380407 486089
2 293429 86917
2 49250 111112
2 11402 86917
2 69924 59780
2 33761 164146
2 218749 33761
2 124908 50616
2 54226 90308
2 403918 285429
2 31798 394821
2 90308 49250
2 38025 22306
2 87481 56833
2 56833 270690
2 22306 164146
2 84823 87481
2 196373 90308
2 4024 2916
2 408815 196373
2 42235 47173
2 86917 6588
2 55553 47173
2 6588 54746
2 54220 49250
2 24473 98489
2 41104 41146
2 56833 87481
2 2916 2858
2 6693 6701
2 218754 38384
2 174621 484469
2 4146 4024
2 57219 47173
2 32871 90650
2 81753 16279
2 32871 81753
2 53030 44638
2 164146 33761
2 44634 96768
2 206148 54740
2 354802 293489
2 46301 51811
2 46206 21914
2 6588 86917
2 278885 69924
2 484469 354802
2 6588 6695
2 41104 69924
2 116996 88587
2 222743 56833
2 47824 32871
2 22306 218757
2 47824 42235
2 6695 6588
2 101226 98579
2 154771 226313
2 163180 280075
2 4024 4146
2 486031 466668
2 22306 218754
2 84823 154771
2 87928 96768
2 55294 57219
2 69924 64556
2 46341 86501
2 33066 46206
2 6588 228119
2 124908 63845
2 22306 38384
2 86501 218757
2 41497 57219
2 6588 11402
2 46341 33066
2 154770 98579
2 38384 38025
2 408815 278885
2 87928 31832
2 86917 6710
2 50616 411968
2 47173 96816
2 87928 98579
2 81555 241548
2 32079 149992
2 101226 49250
2 69924 55294
2 64556 14704
2 43048 47173
2 46206 218754
2 90650 47824
2 451045 486089
2 244935 86917
2 278885 75311
2 87481 96768
2 270690 56833
2 41146 69924
2 293429 81555
2 55294 90308
2 54756 241548
2 43048 64556
2 38384 46301
2 53030 87928
2 11628 8738
2 38384 96816
2 46206 47824
2 11628 86917
2 33066 32296
2 49250 78146
2 32871 33066
2 228119 6588
2 196373 41656
2 221312 124960
2 196373 80539
2 250162 41497
